Accession	Length	E-value	Definition	Organism	Taxonomy_x	Release Year_x	query_start	query_end	subject_start	subject_end	Align_Length	Query_Length	Identity(%)	Coverage(%)	Pass_Filter	Source_File	Accession_clean	Description	Taxonomy_y	Accession Length	Sequencing Technology	Molecule Type	Topology	Assembly	Release Year_y
OZ307691	16903959	0.096		Larus fuscus	Eukaryota; Metazoa; Chordata; Craniata; Vertebrata; Euteleostomi; Archelosauria; Archosauria; Dinosauria; Saurischia; Theropoda; Coelurosauria; Aves; Neognathae; Neoaves; Charadriiformes; Laridae; Larus	2025	2	24	4634635	4634613	23	24	100.00	96.00	YES	Barcode_45_forward_end_BC45_rev_From_Porechop__CACTGAAGGCATCTCTGTTGGATC_description_table	OZ307691	Larus fuscus genome assembly, chromosome: 13	Eukaryota; Metazoa; Chordata; Craniata; Vertebrata; Euteleostomi; Archelosauria; Archosauria; Dinosauria; Saurischia; Theropoda; Coelurosauria; Aves; Neognathae; Neoaves; Charadriiformes; Laridae; Larus	16903959		DNA	linear	The assembly bLarFus1.hap2.2 is based on 44x PacBio data and Arima2 Hi-C data generated by the Darwin Tree of Life Project~(https://www.darwintreeoflife.org/). The assembly process included the following sequence of steps: initial PacBio assembly generation with Hifiasm in Hi-C integrated assembly mode, and Hi-C based scaffolding with YaHS. The mitochondrial genome was assembled using MitoHiFi. Finally, each haplotype assembly was analysed and manually improved using TreeVal. Chromosome-scale scaffolds confirmed by the Hi-C data have been named in order of size.	2025
OZ010766	17260688	0.096		Larus fuscus	Eukaryota; Metazoa; Chordata; Craniata; Vertebrata; Euteleostomi; Archelosauria; Archosauria; Dinosauria; Saurischia; Theropoda; Coelurosauria; Aves; Neognathae; Neoaves; Charadriiformes; Laridae; Larus	2025	2	24	4721316	4721294	23	24	100.00	96.00	YES	Barcode_45_forward_end_BC45_rev_From_Porechop__CACTGAAGGCATCTCTGTTGGATC_description_table	OZ010766	Larus fuscus genome assembly, chromosome: 13	Eukaryota; Metazoa; Chordata; Craniata; Vertebrata; Euteleostomi; Archelosauria; Archosauria; Dinosauria; Saurischia; Theropoda; Coelurosauria; Aves; Neognathae; Neoaves; Charadriiformes; Laridae; Larus	17260688		DNA	linear	On Aug 23, 2025 this sequence version replaced OZ010766.1.; The assembly bLarFus1.hap1.2 is based on 44x PacBio data and Arima2 Hi-C data generated by the Darwin Tree of Life Project~(https://www.darwintreeoflife.org/). The assembly process included the following sequence of steps: initial PacBio assembly generation with Hifiasm in Hi-C integrated assembly mode, and Hi-C based scaffolding with YaHS. The mitochondrial genome was assembled using MitoHiFi. Finally, each haplotype assembly was analysed and manually improved using TreeVal. Chromosome-scale scaffolds confirmed by the Hi-C data have been named in order of size.	2025
OZ287849	18985524	0.096		Larus michahellis	Eukaryota; Metazoa; Chordata; Craniata; Vertebrata; Euteleostomi; Archelosauria; Archosauria; Dinosauria; Saurischia; Theropoda; Coelurosauria; Aves; Neognathae; Neoaves; Charadriiformes; Laridae; Larus	2025	2	24	6458737	6458715	23	24	100.00	96.00	YES	Barcode_45_forward_end_BC45_rev_From_Porechop__CACTGAAGGCATCTCTGTTGGATC_description_table	OZ287849	Larus michahellis genome assembly, chromosome: 13	Eukaryota; Metazoa; Chordata; Craniata; Vertebrata; Euteleostomi; Archelosauria; Archosauria; Dinosauria; Saurischia; Theropoda; Coelurosauria; Aves; Neognathae; Neoaves; Charadriiformes; Laridae; Larus	18985524		DNA	linear	The assembly bLarMic1.hap2.2 is based on 68x PacBio data and Arima2 Hi-C data generated by the Darwin Tree of Life Project~(https://www.darwintreeoflife.org/). The assembly process included the following sequence of steps: initial PacBio assembly generation with Hifiasm in Hi-C integrated assembly mode, and Hi-C based scaffolding with YaHS. The mitochondrial genome was assembled using MitoHiFi. Finally, each haplotype assembly was analysed and manually improved using TreeVal. Chromosome-scale scaffolds are named by synteny based on bLarArg3.hap1.1 - GCA_964417175.1.	2025
OZ118760	18816876	0.096		Larus michahellis	Eukaryota; Metazoa; Chordata; Craniata; Vertebrata; Euteleostomi; Archelosauria; Archosauria; Dinosauria; Saurischia; Theropoda; Coelurosauria; Aves; Neognathae; Neoaves; Charadriiformes; Laridae; Larus	2025	2	24	6270566	6270544	23	24	100.00	96.00	YES	Barcode_45_forward_end_BC45_rev_From_Porechop__CACTGAAGGCATCTCTGTTGGATC_description_table	OZ118760	Larus michahellis genome assembly, chromosome: 13	Eukaryota; Metazoa; Chordata; Craniata; Vertebrata; Euteleostomi; Archelosauria; Archosauria; Dinosauria; Saurischia; Theropoda; Coelurosauria; Aves; Neognathae; Neoaves; Charadriiformes; Laridae; Larus	18816876		DNA	linear	On Jul 30, 2025 this sequence version replaced OZ118760.1.; The assembly bLarMic1.hap1.2 is based on 68x PacBio data and Arima2 Hi-C data generated by the Darwin Tree of Life Project~(https://www.darwintreeoflife.org/). The assembly process included the following sequence of steps: initial PacBio assembly generation with Hifiasm in Hi-C integrated assembly mode, and Hi-C based scaffolding with YaHS. The mitochondrial genome was assembled using MitoHiFi. Finally, each haplotype assembly was analysed and manually improved using TreeVal. Chromosome-scale scaffolds are named by synteny based on bLarArg3.hap1.1 - GCA_964417175.1.	2025
OZ077828	17531726	0.096		Calonectris borealis	Eukaryota; Metazoa; Chordata; Craniata; Vertebrata; Euteleostomi; Archelosauria; Archosauria; Dinosauria; Saurischia; Theropoda; Coelurosauria; Aves; Neognathae; Neoaves; Aequornithes; Procellariiformes; Procellariidae; Calonectris	2024	2	24	4322479	4322457	23	24	100.00	96.00	YES	Barcode_45_forward_end_BC45_rev_From_Porechop__CACTGAAGGCATCTCTGTTGGATC_description_table	OZ077828	Calonectris borealis genome assembly, chromosome: 18	Eukaryota; Metazoa; Chordata; Craniata; Vertebrata; Euteleostomi; Archelosauria; Archosauria; Dinosauria; Saurischia; Theropoda; Coelurosauria; Aves; Neognathae; Neoaves; Aequornithes; Procellariiformes; Procellariidae; Calonectris	17531726		DNA	linear	The assembly bCalBor7.hap1.2 is based on 66x PacBio data and Arima2 Hi-C data generated by the Darwin Tree of Life Project~(https://www.darwintreeoflife.org/). The assembly process included the following sequence of steps: initial PacBio assembly generation with Hifiasm in Hi-C integrated assembly mode, and Hi-C based scaffolding with YaHS. The mitochondrial genome was assembled using MitoHiFi. Finally, each haplotype assembly was analysed and manually improved using TreeVal. Chromosome-scale scaffolds confirmed by the Hi-C data have been named in order of size.	2024
OZ077789	17480268	0.096		Calonectris borealis	Eukaryota; Metazoa; Chordata; Craniata; Vertebrata; Euteleostomi; Archelosauria; Archosauria; Dinosauria; Saurischia; Theropoda; Coelurosauria; Aves; Neognathae; Neoaves; Aequornithes; Procellariiformes; Procellariidae; Calonectris	2024	2	24	4413518	4413496	23	24	100.00	96.00	YES	Barcode_45_forward_end_BC45_rev_From_Porechop__CACTGAAGGCATCTCTGTTGGATC_description_table	OZ077789	Calonectris borealis genome assembly, chromosome: 18	Eukaryota; Metazoa; Chordata; Craniata; Vertebrata; Euteleostomi; Archelosauria; Archosauria; Dinosauria; Saurischia; Theropoda; Coelurosauria; Aves; Neognathae; Neoaves; Aequornithes; Procellariiformes; Procellariidae; Calonectris	17480268		DNA	linear	The assembly bCalBor7.hap2.2 is based on 66x PacBio data and Arima2 Hi-C data generated by the Darwin Tree of Life Project~(https://www.darwintreeoflife.org/). The assembly process included the following sequence of steps: initial PacBio assembly generation with Hifiasm in Hi-C integrated assembly mode, and Hi-C based scaffolding with YaHS. The mitochondrial genome was assembled using MitoHiFi. Finally, each haplotype assembly was analysed and manually improved using TreeVal. Chromosome-scale scaffolds confirmed by the Hi-C data have been named in order of size.	2024
OZ067119	19379525	0.096		Grus grus	Eukaryota; Metazoa; Chordata; Craniata; Vertebrata; Euteleostomi; Archelosauria; Archosauria; Dinosauria; Saurischia; Theropoda; Coelurosauria; Aves; Neognathae; Neoaves; Gruiformes; Gruidae; Grus	2024	2	24	6622842	6622820	23	24	100.00	96.00	YES	Barcode_45_forward_end_BC45_rev_From_Porechop__CACTGAAGGCATCTCTGTTGGATC_description_table	OZ067119	Grus grus genome assembly, chromosome: 16	Eukaryota; Metazoa; Chordata; Craniata; Vertebrata; Euteleostomi; Archelosauria; Archosauria; Dinosauria; Saurischia; Theropoda; Coelurosauria; Aves; Neognathae; Neoaves; Gruiformes; Gruidae; Grus	19379525		DNA	linear	The assembly bGruGru1.hap1.1 is based on 48x PacBio data and Arima2 Hi-C data generated by the Darwin Tree of Life Project~(https://www.darwintreeoflife.org/). The assembly process included the following sequence of steps: initial PacBio assembly generation with Hifiasm in Hi-C integrated assembly mode, and Hi-C based scaffolding with YaHS. The mitochondrial genome was assembled using MitoHiFi. Finally, each haplotype assembly was analysed and manually improved using TreeVal. Chromosome-scale scaffolds confirmed by the Hi-C data have been named in order of size. Z chromosome identified based on synteny with Grus americana (GCF_028858705.1).	2024
OZ307379	17813048	0.096		Larus canus	Eukaryota; Metazoa; Chordata; Craniata; Vertebrata; Euteleostomi; Archelosauria; Archosauria; Dinosauria; Saurischia; Theropoda; Coelurosauria; Aves; Neognathae; Neoaves; Charadriiformes; Laridae; Larus	2025	2	24	12640262	12640284	23	24	100.00	96.00	YES	Barcode_45_forward_end_BC45_rev_From_Porechop__CACTGAAGGCATCTCTGTTGGATC_description_table	OZ307379	Larus canus genome assembly, chromosome: 13	Eukaryota; Metazoa; Chordata; Craniata; Vertebrata; Euteleostomi; Archelosauria; Archosauria; Dinosauria; Saurischia; Theropoda; Coelurosauria; Aves; Neognathae; Neoaves; Charadriiformes; Laridae; Larus	17813048		DNA	linear	The assembly bLarCan2.hap1.1 is based on 73x PacBio data and Arima2 Hi-C data generated by the Darwin Tree of Life Project~(https://www.darwintreeoflife.org/). The assembly process included the following sequence of steps: initial PacBio assembly generation with Hifiasm in Hi-C integrated assembly mode, and Hi-C based scaffolding with YaHS. The mitochondrial genome was assembled using metaMDBG. Finally, each haplotype assembly was analysed and manually improved using TreeVal. Chromosome-scale scaffolds are named by synteny based on Larus argentatus (herring gull) GCA_964417175.1.	2025
OZ307656	17768777	0.096		Larus canus	Eukaryota; Metazoa; Chordata; Craniata; Vertebrata; Euteleostomi; Archelosauria; Archosauria; Dinosauria; Saurischia; Theropoda; Coelurosauria; Aves; Neognathae; Neoaves; Charadriiformes; Laridae; Larus	2025	2	24	12637408	12637430	23	24	100.00	96.00	YES	Barcode_45_forward_end_BC45_rev_From_Porechop__CACTGAAGGCATCTCTGTTGGATC_description_table	OZ307656	Larus canus genome assembly, chromosome: 13	Eukaryota; Metazoa; Chordata; Craniata; Vertebrata; Euteleostomi; Archelosauria; Archosauria; Dinosauria; Saurischia; Theropoda; Coelurosauria; Aves; Neognathae; Neoaves; Charadriiformes; Laridae; Larus	17768777		DNA	linear	The assembly bLarCan2.hap2.1 is based on 73x PacBio data and Arima2 Hi-C data generated by the Darwin Tree of Life Project~(https://www.darwintreeoflife.org/). The assembly process included the following sequence of steps: initial PacBio assembly generation with Hifiasm in Hi-C integrated assembly mode, and Hi-C based scaffolding with YaHS. The mitochondrial genome was assembled using metaMDBG. Finally, each haplotype assembly was analysed and manually improved using TreeVal. Chromosome-scale scaffolds are named by synteny based on Larus argentatus (herring gull) GCA_964417175.1.	2025
XM_076353315	8610	0.096		Aptenodytes patagonicus	Eukaryota; Metazoa; Chordata; Craniata; Vertebrata; Euteleostomi; Archelosauria; Archosauria; Dinosauria; Saurischia; Theropoda; Coelurosauria; Aves; Neognathae; Neoaves; Aequornithes; Sphenisciformes; Spheniscidae; Aptenodytes	2025	2	24	4995	5017	23	24	100.00	96.00	YES	Barcode_45_forward_end_BC45_rev_From_Porechop__CACTGAAGGCATCTCTGTTGGATC_description_table	XM_076353315	PREDICTED: Aptenodytes patagonicus GCN1 activator of EIF2AK4 (GCN1), transcript variant X2, mRNA	Eukaryota; Metazoa; Chordata; Craniata; Vertebrata; Euteleostomi; Archelosauria; Archosauria; Dinosauria; Saurischia; Theropoda; Coelurosauria; Aves; Neognathae; Neoaves; Aequornithes; Sphenisciformes; Spheniscidae; Aptenodytes	8610		mRNA	linear		2025
XM_076353314	8613	0.096		Aptenodytes patagonicus	Eukaryota; Metazoa; Chordata; Craniata; Vertebrata; Euteleostomi; Archelosauria; Archosauria; Dinosauria; Saurischia; Theropoda; Coelurosauria; Aves; Neognathae; Neoaves; Aequornithes; Sphenisciformes; Spheniscidae; Aptenodytes	2025	2	24	4995	5017	23	24	100.00	96.00	YES	Barcode_45_forward_end_BC45_rev_From_Porechop__CACTGAAGGCATCTCTGTTGGATC_description_table	XM_076353314	PREDICTED: Aptenodytes patagonicus GCN1 activator of EIF2AK4 (GCN1), transcript variant X1, mRNA	Eukaryota; Metazoa; Chordata; Craniata; Vertebrata; Euteleostomi; Archelosauria; Archosauria; Dinosauria; Saurischia; Theropoda; Coelurosauria; Aves; Neognathae; Neoaves; Aequornithes; Sphenisciformes; Spheniscidae; Aptenodytes	8613		mRNA	linear		2025
OZ294738	17202149	0.096		Larus glaucescens	Eukaryota; Metazoa; Chordata; Craniata; Vertebrata; Euteleostomi; Archelosauria; Archosauria; Dinosauria; Saurischia; Theropoda; Coelurosauria; Aves; Neognathae; Neoaves; Charadriiformes; Laridae; Larus	2025	2	24	12561777	12561799	23	24	100.00	96.00	YES	Barcode_45_forward_end_BC45_rev_From_Porechop__CACTGAAGGCATCTCTGTTGGATC_description_table	OZ294738	Larus glaucescens genome assembly, chromosome: 13	Eukaryota; Metazoa; Chordata; Craniata; Vertebrata; Euteleostomi; Archelosauria; Archosauria; Dinosauria; Saurischia; Theropoda; Coelurosauria; Aves; Neognathae; Neoaves; Charadriiformes; Laridae; Larus	17202149	Oxford Nanopore	DNA	linear	The assembly bLarGla1.hap2.1 is based on 72x PacBio data and Arima2 Hi-C data generated by the Darwin Tree of Life Project~(https://www.darwintreeoflife.org/). The assembly process included the following sequence of steps: initial PacBio assembly generation with Hifiasm in Hi-C integrated assembly mode, and Hi-C based scaffolding with YaHS. The mitochondrial genome was assembled using MitoHiFi. Finally, each haplotype assembly was analysed and manually improved using TreeVal. Chromosome-scale scaffolds are named by synteny based on bLarArg3.hap1.1 - GCA_964417175.1. This assembly shows uncertainty in the orientation of the centromeric region on scaffold?SUPER_6 (10,000?15,600?kbp): the Hi?C contact map suggests that haplotype?2 may be oriented differently from haplotype?1 in this region.	2025
OZ294705	17153798	0.096		Larus hyperboreus	Eukaryota; Metazoa; Chordata; Craniata; Vertebrata; Euteleostomi; Archelosauria; Archosauria; Dinosauria; Saurischia; Theropoda; Coelurosauria; Aves; Neognathae; Neoaves; Charadriiformes; Laridae; Larus	2025	2	24	12531527	12531549	23	24	100.00	96.00	YES	Barcode_45_forward_end_BC45_rev_From_Porechop__CACTGAAGGCATCTCTGTTGGATC_description_table	OZ294705	Larus hyperboreus genome assembly, chromosome: 13	Eukaryota; Metazoa; Chordata; Craniata; Vertebrata; Euteleostomi; Archelosauria; Archosauria; Dinosauria; Saurischia; Theropoda; Coelurosauria; Aves; Neognathae; Neoaves; Charadriiformes; Laridae; Larus	17153798		DNA	linear	The assembly bLarHyp1.hap2.1 is based on 37x PacBio data and Arima2 Hi-C data generated by the Darwin Tree of Life Project~(https://www.darwintreeoflife.org/). The assembly process included the following sequence of steps: initial PacBio assembly generation with Hifiasm in Hi-C integrated assembly mode, and Hi-C based scaffolding with YaHS. The mitochondrial genome was assembled using MitoHiFi. Finally, each haplotype assembly was analysed and manually improved using TreeVal. Chromosome-scale scaffolds are named by synteny based on Larus argentatus (herring gull) GCA_964417175.1.	2025
OZ294671	20092472	0.096		Larus occidentalis	Eukaryota; Metazoa; Chordata; Craniata; Vertebrata; Euteleostomi; Archelosauria; Archosauria; Dinosauria; Saurischia; Theropoda; Coelurosauria; Aves; Neognathae; Neoaves; Charadriiformes; Laridae; Larus	2025	2	24	12524870	12524892	23	24	100.00	96.00	YES	Barcode_45_forward_end_BC45_rev_From_Porechop__CACTGAAGGCATCTCTGTTGGATC_description_table	OZ294671	Larus occidentalis genome assembly, chromosome: 13	Eukaryota; Metazoa; Chordata; Craniata; Vertebrata; Euteleostomi; Archelosauria; Archosauria; Dinosauria; Saurischia; Theropoda; Coelurosauria; Aves; Neognathae; Neoaves; Charadriiformes; Laridae; Larus	20092472		DNA	linear	The assembly bLarOcc1.hap2.1 is based on 78x PacBio data and Arima2 Hi-C data generated by the Darwin Tree of Life Project~(https://www.darwintreeoflife.org/). The assembly process included the following sequence of steps: initial PacBio assembly generation with Hifiasm in Hi-C integrated assembly mode, and Hi-C based scaffolding with YaHS. The mitochondrial genome was assembled using MitoHiFi. Finally, each haplotype assembly was analysed and manually improved using TreeVal. Chromosome-scale scaffolds are named by synteny based on Larus argentatus (herring gull) GCA_964417175.1.	2025
OZ294634	17902193	0.096		Larus glaucescens	Eukaryota; Metazoa; Chordata; Craniata; Vertebrata; Euteleostomi; Archelosauria; Archosauria; Dinosauria; Saurischia; Theropoda; Coelurosauria; Aves; Neognathae; Neoaves; Charadriiformes; Laridae; Larus	2025	2	24	12550747	12550769	23	24	100.00	96.00	YES	Barcode_45_forward_end_BC45_rev_From_Porechop__CACTGAAGGCATCTCTGTTGGATC_description_table	OZ294634	Larus glaucescens genome assembly, chromosome: 13	Eukaryota; Metazoa; Chordata; Craniata; Vertebrata; Euteleostomi; Archelosauria; Archosauria; Dinosauria; Saurischia; Theropoda; Coelurosauria; Aves; Neognathae; Neoaves; Charadriiformes; Laridae; Larus	17902193	Oxford Nanopore	DNA	linear	The assembly bLarGla1.hap1.1 is based on 72x PacBio data and Arima2 Hi-C data generated by the Darwin Tree of Life Project~(https://www.darwintreeoflife.org/). The assembly process included the following sequence of steps: initial PacBio assembly generation with Hifiasm in Hi-C integrated assembly mode, and Hi-C based scaffolding with YaHS. The mitochondrial genome was assembled using MitoHiFi. Finally, each haplotype assembly was analysed and manually improved using TreeVal. Chromosome-scale scaffolds are named by synteny based on bLarArg3.hap1.1 - GCA_964417175.1. This assembly shows uncertainty in the orientation of the centromeric region on scaffold?SUPER_6 (10,000?15,600?kbp): the Hi?C contact map suggests that haplotype?2 may be oriented differently from haplotype?1 in this region.	2025
OZ294772	20129997	0.096		Larus occidentalis	Eukaryota; Metazoa; Chordata; Craniata; Vertebrata; Euteleostomi; Archelosauria; Archosauria; Dinosauria; Saurischia; Theropoda; Coelurosauria; Aves; Neognathae; Neoaves; Charadriiformes; Laridae; Larus	2025	2	24	12525810	12525832	23	24	100.00	96.00	YES	Barcode_45_forward_end_BC45_rev_From_Porechop__CACTGAAGGCATCTCTGTTGGATC_description_table	OZ294772	Larus occidentalis genome assembly, chromosome: 13	Eukaryota; Metazoa; Chordata; Craniata; Vertebrata; Euteleostomi; Archelosauria; Archosauria; Dinosauria; Saurischia; Theropoda; Coelurosauria; Aves; Neognathae; Neoaves; Charadriiformes; Laridae; Larus	20129997		DNA	linear	The assembly bLarOcc1.hap1.1 is based on 78x PacBio data and Arima2 Hi-C data generated by the Darwin Tree of Life Project~(https://www.darwintreeoflife.org/). The assembly process included the following sequence of steps: initial PacBio assembly generation with Hifiasm in Hi-C integrated assembly mode, and Hi-C based scaffolding with YaHS. The mitochondrial genome was assembled using MitoHiFi. Finally, each haplotype assembly was analysed and manually improved using TreeVal. Chromosome-scale scaffolds are named by synteny based on Larus argentatus (herring gull) GCA_964417175.1.	2025
OZ294347	17254708	0.096		Larus hyperboreus	Eukaryota; Metazoa; Chordata; Craniata; Vertebrata; Euteleostomi; Archelosauria; Archosauria; Dinosauria; Saurischia; Theropoda; Coelurosauria; Aves; Neognathae; Neoaves; Charadriiformes; Laridae; Larus	2025	2	24	12575356	12575378	23	24	100.00	96.00	YES	Barcode_45_forward_end_BC45_rev_From_Porechop__CACTGAAGGCATCTCTGTTGGATC_description_table	OZ294347	Larus hyperboreus genome assembly, chromosome: 13	Eukaryota; Metazoa; Chordata; Craniata; Vertebrata; Euteleostomi; Archelosauria; Archosauria; Dinosauria; Saurischia; Theropoda; Coelurosauria; Aves; Neognathae; Neoaves; Charadriiformes; Laridae; Larus	17254708		DNA	linear	The assembly bLarHyp1.hap1.1 is based on 37x PacBio data and Arima2 Hi-C data generated by the Darwin Tree of Life Project~(https://www.darwintreeoflife.org/). The assembly process included the following sequence of steps: initial PacBio assembly generation with Hifiasm in Hi-C integrated assembly mode, and Hi-C based scaffolding with YaHS. The mitochondrial genome was assembled using MitoHiFi. Finally, each haplotype assembly was analysed and manually improved using TreeVal. Chromosome-scale scaffolds are named by synteny based on Larus argentatus (herring gull) GCA_964417175.1.	2025
OZ287810	22700547	0.096		Larus marinus	Eukaryota; Metazoa; Chordata; Craniata; Vertebrata; Euteleostomi; Archelosauria; Archosauria; Dinosauria; Saurischia; Theropoda; Coelurosauria; Aves; Neognathae; Neoaves; Charadriiformes; Laridae; Larus	2025	2	24	12577365	12577387	23	24	100.00	96.00	YES	Barcode_45_forward_end_BC45_rev_From_Porechop__CACTGAAGGCATCTCTGTTGGATC_description_table	OZ287810	Larus marinus genome assembly, chromosome: 13	Eukaryota; Metazoa; Chordata; Craniata; Vertebrata; Euteleostomi; Archelosauria; Archosauria; Dinosauria; Saurischia; Theropoda; Coelurosauria; Aves; Neognathae; Neoaves; Charadriiformes; Laridae; Larus	22700547		DNA	linear	The assembly bLarMar3.hap1.1 is based on 155x PacBio data and Arima2 Hi-C data generated by the Darwin Tree of Life Project~(https://www.darwintreeoflife.org/). The assembly process included the following sequence of steps: initial PacBio assembly generation with Hifiasm in Hi-C integrated assembly mode, and Hi-C based scaffolding with YaHS. The mitochondrial genome was assembled using MitoHiFi. Finally, each haplotype assembly was analysed and manually improved using TreeVal. Chromosome-scale scaffolds are named by synteny based on bLarArg3.hap1.1 - GCA_964417175.1.	2025
OZ287776	17637167	0.096		Larus marinus	Eukaryota; Metazoa; Chordata; Craniata; Vertebrata; Euteleostomi; Archelosauria; Archosauria; Dinosauria; Saurischia; Theropoda; Coelurosauria; Aves; Neognathae; Neoaves; Charadriiformes; Laridae; Larus	2025	2	24	12485532	12485554	23	24	100.00	96.00	YES	Barcode_45_forward_end_BC45_rev_From_Porechop__CACTGAAGGCATCTCTGTTGGATC_description_table	OZ287776	Larus marinus genome assembly, chromosome: 13	Eukaryota; Metazoa; Chordata; Craniata; Vertebrata; Euteleostomi; Archelosauria; Archosauria; Dinosauria; Saurischia; Theropoda; Coelurosauria; Aves; Neognathae; Neoaves; Charadriiformes; Laridae; Larus	17637167		DNA	linear	The assembly bLarMar3.hap2.1 is based on 155x PacBio data and Arima2 Hi-C data generated by the Darwin Tree of Life Project~(https://www.darwintreeoflife.org/). The assembly process included the following sequence of steps: initial PacBio assembly generation with Hifiasm in Hi-C integrated assembly mode, and Hi-C based scaffolding with YaHS. The mitochondrial genome was assembled using MitoHiFi. Finally, each haplotype assembly was analysed and manually improved using TreeVal. Chromosome-scale scaffolds are named by synteny based on bLarArg3.hap1.1 - GCA_964417175.1.	2025
XM_075770186	8182	0.096		Balearica regulorum gibbericeps	Eukaryota; Metazoa; Chordata; Craniata; Vertebrata; Euteleostomi; Archelosauria; Archosauria; Dinosauria; Saurischia; Theropoda; Coelurosauria; Aves; Neognathae; Neoaves; Gruiformes; Gruidae; Balearica	2025	2	24	5009	5031	23	24	100.00	96.00	YES	Barcode_45_forward_end_BC45_rev_From_Porechop__CACTGAAGGCATCTCTGTTGGATC_description_table	XM_075770186	PREDICTED: Balearica regulorum gibbericeps GCN1 activator of EIF2AK4 (GCN1), transcript variant X2, mRNA	Eukaryota; Metazoa; Chordata; Craniata; Vertebrata; Euteleostomi; Archelosauria; Archosauria; Dinosauria; Saurischia; Theropoda; Coelurosauria; Aves; Neognathae; Neoaves; Gruiformes; Gruidae; Balearica	8182		mRNA	linear		2025
XM_075770185	8627	0.096		Balearica regulorum gibbericeps	Eukaryota; Metazoa; Chordata; Craniata; Vertebrata; Euteleostomi; Archelosauria; Archosauria; Dinosauria; Saurischia; Theropoda; Coelurosauria; Aves; Neognathae; Neoaves; Gruiformes; Gruidae; Balearica	2025	2	24	5009	5031	23	24	100.00	96.00	YES	Barcode_45_forward_end_BC45_rev_From_Porechop__CACTGAAGGCATCTCTGTTGGATC_description_table	XM_075770185	PREDICTED: Balearica regulorum gibbericeps GCN1 activator of EIF2AK4 (GCN1), transcript variant X1, mRNA	Eukaryota; Metazoa; Chordata; Craniata; Vertebrata; Euteleostomi; Archelosauria; Archosauria; Dinosauria; Saurischia; Theropoda; Coelurosauria; Aves; Neognathae; Neoaves; Gruiformes; Gruidae; Balearica	8627		mRNA	linear		2025
XM_075516640	8626	0.096		Mycteria americana	Eukaryota; Metazoa; Chordata; Craniata; Vertebrata; Euteleostomi; Archelosauria; Archosauria; Dinosauria; Saurischia; Theropoda; Coelurosauria; Aves; Neognathae; Neoaves; Aequornithes; Ciconiiformes; Ciconiidae; Mycteria	2025	2	24	5008	5030	23	24	100.00	96.00	YES	Barcode_45_forward_end_BC45_rev_From_Porechop__CACTGAAGGCATCTCTGTTGGATC_description_table	XM_075516640	PREDICTED: Mycteria americana GCN1 activator of EIF2AK4 (GCN1), mRNA	Eukaryota; Metazoa; Chordata; Craniata; Vertebrata; Euteleostomi; Archelosauria; Archosauria; Dinosauria; Saurischia; Theropoda; Coelurosauria; Aves; Neognathae; Neoaves; Aequornithes; Ciconiiformes; Ciconiidae; Mycteria	8626		mRNA	linear		2025
XM_075167305	7260	0.096		Calonectris borealis	Eukaryota; Metazoa; Chordata; Craniata; Vertebrata; Euteleostomi; Archelosauria; Archosauria; Dinosauria; Saurischia; Theropoda; Coelurosauria; Aves; Neognathae; Neoaves; Aequornithes; Procellariiformes; Procellariidae; Calonectris	2025	2	24	3642	3664	23	24	100.00	96.00	YES	Barcode_45_forward_end_BC45_rev_From_Porechop__CACTGAAGGCATCTCTGTTGGATC_description_table	XM_075167305	PREDICTED: Calonectris borealis GCN1 activator of EIF2AK4 (GCN1), transcript variant X7, mRNA	Eukaryota; Metazoa; Chordata; Craniata; Vertebrata; Euteleostomi; Archelosauria; Archosauria; Dinosauria; Saurischia; Theropoda; Coelurosauria; Aves; Neognathae; Neoaves; Aequornithes; Procellariiformes; Procellariidae; Calonectris	7260		mRNA	linear		2025
XR_012676395	7416	0.096		Calonectris borealis	Eukaryota; Metazoa; Chordata; Craniata; Vertebrata; Euteleostomi; Archelosauria; Archosauria; Dinosauria; Saurischia; Theropoda; Coelurosauria; Aves; Neognathae; Neoaves; Aequornithes; Procellariiformes; Procellariidae; Calonectris	2025	2	24	5199	5221	23	24	100.00	96.00	YES	Barcode_45_forward_end_BC45_rev_From_Porechop__CACTGAAGGCATCTCTGTTGGATC_description_table	XR_012676395	PREDICTED: Calonectris borealis GCN1 activator of EIF2AK4 (GCN1), transcript variant X6, misc_RNA	Eukaryota; Metazoa; Chordata; Craniata; Vertebrata; Euteleostomi; Archelosauria; Archosauria; Dinosauria; Saurischia; Theropoda; Coelurosauria; Aves; Neognathae; Neoaves; Aequornithes; Procellariiformes; Procellariidae; Calonectris	7416		RNA	linear		2025
XM_075167304	8111	0.096		Calonectris borealis	Eukaryota; Metazoa; Chordata; Craniata; Vertebrata; Euteleostomi; Archelosauria; Archosauria; Dinosauria; Saurischia; Theropoda; Coelurosauria; Aves; Neognathae; Neoaves; Aequornithes; Procellariiformes; Procellariidae; Calonectris	2025	2	24	4493	4515	23	24	100.00	96.00	YES	Barcode_45_forward_end_BC45_rev_From_Porechop__CACTGAAGGCATCTCTGTTGGATC_description_table	XM_075167304	PREDICTED: Calonectris borealis GCN1 activator of EIF2AK4 (GCN1), transcript variant X5, mRNA	Eukaryota; Metazoa; Chordata; Craniata; Vertebrata; Euteleostomi; Archelosauria; Archosauria; Dinosauria; Saurischia; Theropoda; Coelurosauria; Aves; Neognathae; Neoaves; Aequornithes; Procellariiformes; Procellariidae; Calonectris	8111		mRNA	linear		2025
XR_012676394	7982	0.096		Calonectris borealis	Eukaryota; Metazoa; Chordata; Craniata; Vertebrata; Euteleostomi; Archelosauria; Archosauria; Dinosauria; Saurischia; Theropoda; Coelurosauria; Aves; Neognathae; Neoaves; Aequornithes; Procellariiformes; Procellariidae; Calonectris	2025	2	24	5199	5221	23	24	100.00	96.00	YES	Barcode_45_forward_end_BC45_rev_From_Porechop__CACTGAAGGCATCTCTGTTGGATC_description_table	XR_012676394	PREDICTED: Calonectris borealis GCN1 activator of EIF2AK4 (GCN1), transcript variant X4, misc_RNA	Eukaryota; Metazoa; Chordata; Craniata; Vertebrata; Euteleostomi; Archelosauria; Archosauria; Dinosauria; Saurischia; Theropoda; Coelurosauria; Aves; Neognathae; Neoaves; Aequornithes; Procellariiformes; Procellariidae; Calonectris	7982		RNA	linear		2025
XM_075167302	8634	0.096		Calonectris borealis	Eukaryota; Metazoa; Chordata; Craniata; Vertebrata; Euteleostomi; Archelosauria; Archosauria; Dinosauria; Saurischia; Theropoda; Coelurosauria; Aves; Neognathae; Neoaves; Aequornithes; Procellariiformes; Procellariidae; Calonectris	2025	2	24	5016	5038	23	24	100.00	96.00	YES	Barcode_45_forward_end_BC45_rev_From_Porechop__CACTGAAGGCATCTCTGTTGGATC_description_table	XM_075167302	PREDICTED: Calonectris borealis GCN1 activator of EIF2AK4 (GCN1), transcript variant X3, mRNA	Eukaryota; Metazoa; Chordata; Craniata; Vertebrata; Euteleostomi; Archelosauria; Archosauria; Dinosauria; Saurischia; Theropoda; Coelurosauria; Aves; Neognathae; Neoaves; Aequornithes; Procellariiformes; Procellariidae; Calonectris	8634		mRNA	linear		2025
XM_075167301	8814	0.096		Calonectris borealis	Eukaryota; Metazoa; Chordata; Craniata; Vertebrata; Euteleostomi; Archelosauria; Archosauria; Dinosauria; Saurischia; Theropoda; Coelurosauria; Aves; Neognathae; Neoaves; Aequornithes; Procellariiformes; Procellariidae; Calonectris	2025	2	24	5199	5221	23	24	100.00	96.00	YES	Barcode_45_forward_end_BC45_rev_From_Porechop__CACTGAAGGCATCTCTGTTGGATC_description_table	XM_075167301	PREDICTED: Calonectris borealis GCN1 activator of EIF2AK4 (GCN1), transcript variant X2, mRNA	Eukaryota; Metazoa; Chordata; Craniata; Vertebrata; Euteleostomi; Archelosauria; Archosauria; Dinosauria; Saurischia; Theropoda; Coelurosauria; Aves; Neognathae; Neoaves; Aequornithes; Procellariiformes; Procellariidae; Calonectris	8814		mRNA	linear		2025
XM_075167300	8817	0.096		Calonectris borealis	Eukaryota; Metazoa; Chordata; Craniata; Vertebrata; Euteleostomi; Archelosauria; Archosauria; Dinosauria; Saurischia; Theropoda; Coelurosauria; Aves; Neognathae; Neoaves; Aequornithes; Procellariiformes; Procellariidae; Calonectris	2025	2	24	5199	5221	23	24	100.00	96.00	YES	Barcode_45_forward_end_BC45_rev_From_Porechop__CACTGAAGGCATCTCTGTTGGATC_description_table	XM_075167300	PREDICTED: Calonectris borealis GCN1 activator of EIF2AK4 (GCN1), transcript variant X1, mRNA	Eukaryota; Metazoa; Chordata; Craniata; Vertebrata; Euteleostomi; Archelosauria; Archosauria; Dinosauria; Saurischia; Theropoda; Coelurosauria; Aves; Neognathae; Neoaves; Aequornithes; Procellariiformes; Procellariidae; Calonectris	8817		mRNA	linear		2025
OZ281885	17431011	0.096		Aptenodytes patagonicus	Eukaryota; Metazoa; Chordata; Craniata; Vertebrata; Euteleostomi; Archelosauria; Archosauria; Dinosauria; Saurischia; Theropoda; Coelurosauria; Aves; Neognathae; Neoaves; Aequornithes; Sphenisciformes; Spheniscidae; Aptenodytes	2025	2	24	12993300	12993322	23	24	100.00	96.00	YES	Barcode_45_forward_end_BC45_rev_From_Porechop__CACTGAAGGCATCTCTGTTGGATC_description_table	OZ281885	Aptenodytes patagonicus genome assembly, chromosome: 15	Eukaryota; Metazoa; Chordata; Craniata; Vertebrata; Euteleostomi; Archelosauria; Archosauria; Dinosauria; Saurischia; Theropoda; Coelurosauria; Aves; Neognathae; Neoaves; Aequornithes; Sphenisciformes; Spheniscidae; Aptenodytes	17431011	Oxford Nanopore	DNA	linear	The King penguin is an iconic species of the Southern Ocean and is currently being developed as a model-in-the-wild for understanding evolution. We present a chromosome-level assembly of the King penguin (bAptPat1) which is based on 58.5 Gb of Pacbio Revio data and 126 Gbp of Arima Hi-C data. The initial PacBio assembly generation was performed with Hifiasm and Hi-C based scaffolding with YaHS. The Nextflow pipeline curationpretext was used to create Hi-C contact maps for manual curation. Manual curation was conducted using PretextView and potential microchromosome scaffolds were identified using MicroFinder. The mitochondrial genome was assembled using MitoHiFi. Chromosome-scale scaffolds confirmed by the Hi-C data have been named in order of size.	2025
OZ281853	17576245	0.096		Aptenodytes patagonicus	Eukaryota; Metazoa; Chordata; Craniata; Vertebrata; Euteleostomi; Archelosauria; Archosauria; Dinosauria; Saurischia; Theropoda; Coelurosauria; Aves; Neognathae; Neoaves; Aequornithes; Sphenisciformes; Spheniscidae; Aptenodytes	2025	2	24	12939244	12939266	23	24	100.00	96.00	YES	Barcode_45_forward_end_BC45_rev_From_Porechop__CACTGAAGGCATCTCTGTTGGATC_description_table	OZ281853	Aptenodytes patagonicus genome assembly, chromosome: 15	Eukaryota; Metazoa; Chordata; Craniata; Vertebrata; Euteleostomi; Archelosauria; Archosauria; Dinosauria; Saurischia; Theropoda; Coelurosauria; Aves; Neognathae; Neoaves; Aequornithes; Sphenisciformes; Spheniscidae; Aptenodytes	17576245	Oxford Nanopore	DNA	linear	The King penguin is an iconic species of the Southern Ocean and is currently being developed as a model-in-the-wild for understanding evolution. We present a chromosome-level assembly of the King penguin (bAptPat1) which is based on 58.5 Gb of Pacbio Revio data and 126 Gbp of Arima Hi-C data. The initial PacBio assembly generation was performed with Hifiasm and Hi-C based scaffolding with YaHS. The Nextflow pipeline curationpretext was used to create Hi-C contact maps for manual curation. Manual curation was conducted using PretextView and potential microchromosome scaffolds were identified using MicroFinder. The mitochondrial genome was assembled using MitoHiFi. Chromosome-scale scaffolds confirmed by the Hi-C data have been named in order of size.	2025
XM_074921024	8592	0.096		Athene noctua	Eukaryota; Metazoa; Chordata; Craniata; Vertebrata; Euteleostomi; Archelosauria; Archosauria; Dinosauria; Saurischia; Theropoda; Coelurosauria; Aves; Neognathae; Neoaves; Telluraves; Strigiformes; Strigidae; Athene	2025	2	24	4984	5006	23	24	100.00	96.00	YES	Barcode_45_forward_end_BC45_rev_From_Porechop__CACTGAAGGCATCTCTGTTGGATC_description_table	XM_074921024	PREDICTED: Athene noctua GCN1 activator of EIF2AK4 (GCN1), transcript variant X2, mRNA	Eukaryota; Metazoa; Chordata; Craniata; Vertebrata; Euteleostomi; Archelosauria; Archosauria; Dinosauria; Saurischia; Theropoda; Coelurosauria; Aves; Neognathae; Neoaves; Telluraves; Strigiformes; Strigidae; Athene	8592		mRNA	linear		2025
XM_074921023	8595	0.096		Athene noctua	Eukaryota; Metazoa; Chordata; Craniata; Vertebrata; Euteleostomi; Archelosauria; Archosauria; Dinosauria; Saurischia; Theropoda; Coelurosauria; Aves; Neognathae; Neoaves; Telluraves; Strigiformes; Strigidae; Athene	2025	2	24	4984	5006	23	24	100.00	96.00	YES	Barcode_45_forward_end_BC45_rev_From_Porechop__CACTGAAGGCATCTCTGTTGGATC_description_table	XM_074921023	PREDICTED: Athene noctua GCN1 activator of EIF2AK4 (GCN1), transcript variant X1, mRNA	Eukaryota; Metazoa; Chordata; Craniata; Vertebrata; Euteleostomi; Archelosauria; Archosauria; Dinosauria; Saurischia; Theropoda; Coelurosauria; Aves; Neognathae; Neoaves; Telluraves; Strigiformes; Strigidae; Athene	8595		mRNA	linear		2025
XM_074606023	8611	0.096		Larus michahellis	Eukaryota; Metazoa; Chordata; Craniata; Vertebrata; Euteleostomi; Archelosauria; Archosauria; Dinosauria; Saurischia; Theropoda; Coelurosauria; Aves; Neognathae; Neoaves; Charadriiformes; Laridae; Larus	2025	2	24	5004	5026	23	24	100.00	96.00	YES	Barcode_45_forward_end_BC45_rev_From_Porechop__CACTGAAGGCATCTCTGTTGGATC_description_table	XM_074606023	PREDICTED: Larus michahellis GCN1 activator of EIF2AK4 (GCN1), transcript variant X2, mRNA	Eukaryota; Metazoa; Chordata; Craniata; Vertebrata; Euteleostomi; Archelosauria; Archosauria; Dinosauria; Saurischia; Theropoda; Coelurosauria; Aves; Neognathae; Neoaves; Charadriiformes; Laridae; Larus	8611		mRNA	linear		2025
XM_074606022	8614	0.096		Larus michahellis	Eukaryota; Metazoa; Chordata; Craniata; Vertebrata; Euteleostomi; Archelosauria; Archosauria; Dinosauria; Saurischia; Theropoda; Coelurosauria; Aves; Neognathae; Neoaves; Charadriiformes; Laridae; Larus	2025	2	24	5004	5026	23	24	100.00	96.00	YES	Barcode_45_forward_end_BC45_rev_From_Porechop__CACTGAAGGCATCTCTGTTGGATC_description_table	XM_074606022	PREDICTED: Larus michahellis GCN1 activator of EIF2AK4 (GCN1), transcript variant X1, mRNA	Eukaryota; Metazoa; Chordata; Craniata; Vertebrata; Euteleostomi; Archelosauria; Archosauria; Dinosauria; Saurischia; Theropoda; Coelurosauria; Aves; Neognathae; Neoaves; Charadriiformes; Laridae; Larus	8614		mRNA	linear		2025
XM_030502072	7542	0.096		Strigops habroptila	Eukaryota; Metazoa; Chordata; Craniata; Vertebrata; Euteleostomi; Archelosauria; Archosauria; Dinosauria; Saurischia; Theropoda; Coelurosauria; Aves; Neognathae; Neoaves; Telluraves; Australaves; Psittaciformes; Psittacidae; Strigops	2020	2	24	3965	3987	23	24	100.00	96.00	YES	Barcode_45_forward_end_BC45_rev_From_Porechop__CACTGAAGGCATCTCTGTTGGATC_description_table	XM_030502072	PREDICTED: Strigops habroptila GCN1 activator of EIF2AK4 (GCN1), transcript variant X5, mRNA	Eukaryota; Metazoa; Chordata; Craniata; Vertebrata; Euteleostomi; Archelosauria; Archosauria; Dinosauria; Saurischia; Theropoda; Coelurosauria; Aves; Neognathae; Neoaves; Telluraves; Australaves; Psittaciformes; Psittacidae; Strigops	7542		mRNA	linear		2020
XM_030502071	8547	0.096		Strigops habroptila	Eukaryota; Metazoa; Chordata; Craniata; Vertebrata; Euteleostomi; Archelosauria; Archosauria; Dinosauria; Saurischia; Theropoda; Coelurosauria; Aves; Neognathae; Neoaves; Telluraves; Australaves; Psittaciformes; Psittacidae; Strigops	2020	2	24	5028	5050	23	24	100.00	96.00	YES	Barcode_45_forward_end_BC45_rev_From_Porechop__CACTGAAGGCATCTCTGTTGGATC_description_table	XM_030502071	PREDICTED: Strigops habroptila GCN1 activator of EIF2AK4 (GCN1), transcript variant X4, mRNA	Eukaryota; Metazoa; Chordata; Craniata; Vertebrata; Euteleostomi; Archelosauria; Archosauria; Dinosauria; Saurischia; Theropoda; Coelurosauria; Aves; Neognathae; Neoaves; Telluraves; Australaves; Psittaciformes; Psittacidae; Strigops	8547		mRNA	linear		2020
XM_030502070	8602	0.096		Strigops habroptila	Eukaryota; Metazoa; Chordata; Craniata; Vertebrata; Euteleostomi; Archelosauria; Archosauria; Dinosauria; Saurischia; Theropoda; Coelurosauria; Aves; Neognathae; Neoaves; Telluraves; Australaves; Psittaciformes; Psittacidae; Strigops	2020	2	24	5028	5050	23	24	100.00	96.00	YES	Barcode_45_forward_end_BC45_rev_From_Porechop__CACTGAAGGCATCTCTGTTGGATC_description_table	XM_030502070	PREDICTED: Strigops habroptila GCN1 activator of EIF2AK4 (GCN1), transcript variant X3, mRNA	Eukaryota; Metazoa; Chordata; Craniata; Vertebrata; Euteleostomi; Archelosauria; Archosauria; Dinosauria; Saurischia; Theropoda; Coelurosauria; Aves; Neognathae; Neoaves; Telluraves; Australaves; Psittaciformes; Psittacidae; Strigops	8602		mRNA	linear		2020
XM_030502069	8337	0.096		Strigops habroptila	Eukaryota; Metazoa; Chordata; Craniata; Vertebrata; Euteleostomi; Archelosauria; Archosauria; Dinosauria; Saurischia; Theropoda; Coelurosauria; Aves; Neognathae; Neoaves; Telluraves; Australaves; Psittaciformes; Psittacidae; Strigops	2020	2	24	5028	5050	23	24	100.00	96.00	YES	Barcode_45_forward_end_BC45_rev_From_Porechop__CACTGAAGGCATCTCTGTTGGATC_description_table	XM_030502069	PREDICTED: Strigops habroptila GCN1 activator of EIF2AK4 (GCN1), transcript variant X2, mRNA	Eukaryota; Metazoa; Chordata; Craniata; Vertebrata; Euteleostomi; Archelosauria; Archosauria; Dinosauria; Saurischia; Theropoda; Coelurosauria; Aves; Neognathae; Neoaves; Telluraves; Australaves; Psittaciformes; Psittacidae; Strigops	8337		mRNA	linear		2020
XM_030502068	8652	0.096		Strigops habroptila	Eukaryota; Metazoa; Chordata; Craniata; Vertebrata; Euteleostomi; Archelosauria; Archosauria; Dinosauria; Saurischia; Theropoda; Coelurosauria; Aves; Neognathae; Neoaves; Telluraves; Australaves; Psittaciformes; Psittacidae; Strigops	2020	2	24	5028	5050	23	24	100.00	96.00	YES	Barcode_45_forward_end_BC45_rev_From_Porechop__CACTGAAGGCATCTCTGTTGGATC_description_table	XM_030502068	PREDICTED: Strigops habroptila GCN1 activator of EIF2AK4 (GCN1), transcript variant X1, mRNA	Eukaryota; Metazoa; Chordata; Craniata; Vertebrata; Euteleostomi; Archelosauria; Archosauria; Dinosauria; Saurischia; Theropoda; Coelurosauria; Aves; Neognathae; Neoaves; Telluraves; Australaves; Psittaciformes; Psittacidae; Strigops	8652		mRNA	linear		2020
XM_072880635	8610	0.096		Ciconia boyciana	Eukaryota; Metazoa; Chordata; Craniata; Vertebrata; Euteleostomi; Archelosauria; Archosauria; Dinosauria; Saurischia; Theropoda; Coelurosauria; Aves; Neognathae; Neoaves; Aequornithes; Ciconiiformes; Ciconiidae; Ciconia	2025	2	24	4992	5014	23	24	100.00	96.00	YES	Barcode_45_forward_end_BC45_rev_From_Porechop__CACTGAAGGCATCTCTGTTGGATC_description_table	XM_072880635	PREDICTED: Ciconia boyciana GCN1 activator of EIF2AK4 (GCN1), mRNA	Eukaryota; Metazoa; Chordata; Craniata; Vertebrata; Euteleostomi; Archelosauria; Archosauria; Dinosauria; Saurischia; Theropoda; Coelurosauria; Aves; Neognathae; Neoaves; Aequornithes; Ciconiiformes; Ciconiidae; Ciconia	8610		mRNA	linear		2025
OZ243549	16170084	0.096		Bubo scandiacus	Eukaryota; Metazoa; Chordata; Craniata; Vertebrata; Euteleostomi; Archelosauria; Archosauria; Dinosauria; Saurischia; Theropoda; Coelurosauria; Aves; Neognathae; Neoaves; Telluraves; Strigiformes; Strigidae; Bubo	2025	2	24	12646551	12646573	23	24	100.00	96.00	YES	Barcode_45_forward_end_BC45_rev_From_Porechop__CACTGAAGGCATCTCTGTTGGATC_description_table	OZ243549	Bubo scandiacus genome assembly, chromosome: 18	Eukaryota; Metazoa; Chordata; Craniata; Vertebrata; Euteleostomi; Archelosauria; Archosauria; Dinosauria; Saurischia; Theropoda; Coelurosauria; Aves; Neognathae; Neoaves; Telluraves; Strigiformes; Strigidae; Bubo	16170084	Oxford Nanopore	DNA	linear	This project provides the alternate haplotype genome assembly bBubSca1.1 of the snowy owl, Bubo scandiacus. The sample was provided by Dominik Fischer, and the data generation and assembly were carried out by EBP-Nor (https://www.ebpnor.org/). bBubSca1.1 is based on 37x PacBio HiFi data, 13x ONT data and 120x Arima Hi-C data. The HiFi reads were filtered for adapters using HiFiAdapterFilt, and assembled with hifiassm along with Hi-C data to generate a pair of haplotype-resolved assemblies. The ONT reads were assembled with Flye. The Flye assembly was used to scaffold the two haplotype-resolved assemblies from hifiasm using RagTag, before k-mers from the two assemblies were used to filter Hi-C reads to create two sets of reads for scaffolding the assemblies (i.e., reads used to scaffold hap1 did not contain k-mers unique to hap2). YaHS was used for scaffolding. The Flye assembly was then used to fill gaps using RagTag. FCS-adaptor was used to remove putative adapters, and putative contaminants were removed with FCS-GX. The chromosomes confirmed by Hi-C data are named according to size.	2025
OZ243516	19157809	0.096		Bubo scandiacus	Eukaryota; Metazoa; Chordata; Craniata; Vertebrata; Euteleostomi; Archelosauria; Archosauria; Dinosauria; Saurischia; Theropoda; Coelurosauria; Aves; Neognathae; Neoaves; Telluraves; Strigiformes; Strigidae; Bubo	2025	2	24	12667858	12667880	23	24	100.00	96.00	YES	Barcode_45_forward_end_BC45_rev_From_Porechop__CACTGAAGGCATCTCTGTTGGATC_description_table	OZ243516	Bubo scandiacus genome assembly, chromosome: 18	Eukaryota; Metazoa; Chordata; Craniata; Vertebrata; Euteleostomi; Archelosauria; Archosauria; Dinosauria; Saurischia; Theropoda; Coelurosauria; Aves; Neognathae; Neoaves; Telluraves; Strigiformes; Strigidae; Bubo	19157809	Oxford Nanopore	DNA	linear	This project provides the diploid genome assembly bBubSca1.1 of the snowy owl, Bubo scandiacus. The sample was provided by Dominik Fischer, and the data generation and assembly were carried out by EBP-Nor (https://www.ebpnor.org/). bBubSca1.1 is based on 37x PacBio HiFi data, 13x ONT data and 120x Arima Hi-C data. The HiFi reads were filtered for adapters using HiFiAdapterFilt, and assembled with hifiassm along with Hi-C data to generate a pair of haplotype-resolved assemblies. The ONT reads were assembled with Flye. The Flye assembly was used to scaffold the two haplotype-resolved assemblies from hifiasm using RagTag, before k-mers from the two assemblies were used to filter Hi-C reads to create two sets of reads for scaffolding the assemblies (i.e., reads used to scaffold hap1 did not contain k-mers unique to hap2). YaHS was used for scaffolding. The Flye assembly was then used to fill gaps using RagTag. FCS-adaptor was used to remove putative adapters, and putative contaminants were removed with FCS-GX. The chromosomes confirmed by Hi-C data are named according to size.	2025
OZ222746	17374734	0.096		Athene noctua	Eukaryota; Metazoa; Chordata; Craniata; Vertebrata; Euteleostomi; Archelosauria; Archosauria; Dinosauria; Saurischia; Theropoda; Coelurosauria; Aves; Neognathae; Neoaves; Telluraves; Strigiformes; Strigidae; Athene	2025	2	24	12587219	12587241	23	24	100.00	96.00	YES	Barcode_45_forward_end_BC45_rev_From_Porechop__CACTGAAGGCATCTCTGTTGGATC_description_table	OZ222746	Athene noctua genome assembly, chromosome: 17	Eukaryota; Metazoa; Chordata; Craniata; Vertebrata; Euteleostomi; Archelosauria; Archosauria; Dinosauria; Saurischia; Theropoda; Coelurosauria; Aves; Neognathae; Neoaves; Telluraves; Strigiformes; Strigidae; Athene	17374734		DNA	linear	The assembly bAthNoc1.hap1.1 is based on 55x PacBio data and Arima2 Hi-C data generated by the Darwin Tree of Life Project~(https://www.darwintreeoflife.org/). The assembly process included the following sequence of steps: initial PacBio assembly generation with Hifiasm in Hi-C integrated assembly mode, and Hi-C based scaffolding with YaHS. The mitochondrial genome was assembled using MitoHiFi. Finally, each haplotype assembly was analysed and manually improved using TreeVal. Chromosome-scale scaffolds confirmed by the Hi-C data have been named in order of size. Z chromosome identified based on alignment with GCA_024206055.2 (Gallus gallus GGswu).	2025
OZ207398	17754103	0.096		Larus argentatus	Eukaryota; Metazoa; Chordata; Craniata; Vertebrata; Euteleostomi; Archelosauria; Archosauria; Dinosauria; Saurischia; Theropoda; Coelurosauria; Aves; Neognathae; Neoaves; Charadriiformes; Laridae; Larus	2024	2	24	12586835	12586857	23	24	100.00	96.00	YES	Barcode_45_forward_end_BC45_rev_From_Porechop__CACTGAAGGCATCTCTGTTGGATC_description_table	OZ207398	Larus argentatus genome assembly, chromosome: 13	Eukaryota; Metazoa; Chordata; Craniata; Vertebrata; Euteleostomi; Archelosauria; Archosauria; Dinosauria; Saurischia; Theropoda; Coelurosauria; Aves; Neognathae; Neoaves; Charadriiformes; Laridae; Larus	17754103		DNA	linear	The assembly bLarArg3.hap1.1 is based on 75x PacBio data and Arima2 Hi-C data generated by the Darwin Tree of Life Project~(https://www.darwintreeoflife.org/). The assembly process included the following sequence of steps: initial PacBio assembly generation with Hifiasm in Hi-C integrated assembly mode, and Hi-C based scaffolding with YaHS. The mitochondrial genome was assembled using MitoHiFi. Finally, each haplotype assembly was analysed and manually improved using TreeVal. Chromosome-scale scaffolds confirmed by the Hi-C data have been named in order of size. The Z and W sex chromosomes were identified by read coverage. The found karyotype is 33+ZW, as one known microchromosome couldn't be found.	2024
OZ207365	20630947	0.096		Larus argentatus	Eukaryota; Metazoa; Chordata; Craniata; Vertebrata; Euteleostomi; Archelosauria; Archosauria; Dinosauria; Saurischia; Theropoda; Coelurosauria; Aves; Neognathae; Neoaves; Charadriiformes; Laridae; Larus	2024	2	24	12553055	12553077	23	24	100.00	96.00	YES	Barcode_45_forward_end_BC45_rev_From_Porechop__CACTGAAGGCATCTCTGTTGGATC_description_table	OZ207365	Larus argentatus genome assembly, chromosome: 13	Eukaryota; Metazoa; Chordata; Craniata; Vertebrata; Euteleostomi; Archelosauria; Archosauria; Dinosauria; Saurischia; Theropoda; Coelurosauria; Aves; Neognathae; Neoaves; Charadriiformes; Laridae; Larus	20630947		DNA	linear	The assembly bLarArg3.hap2.1 is based on 75x PacBio data and Arima2 Hi-C data generated by the Darwin Tree of Life Project~(https://www.darwintreeoflife.org/). The assembly process included the following sequence of steps: initial PacBio assembly generation with Hifiasm in Hi-C integrated assembly mode, and Hi-C based scaffolding with YaHS. The mitochondrial genome was assembled using MitoHiFi. Finally, each haplotype assembly was analysed and manually improved using TreeVal. Chromosome-scale scaffolds confirmed by the Hi-C data have been named in order of size. The Z and W sex chromosomes were identified by read coverage. The found karyotype is 33+ZW, as one known microchromosome couldn't be found.	2024
XM_069871222	8616	0.096		Phaenicophaeus curvirostris	Eukaryota; Metazoa; Chordata; Craniata; Vertebrata; Euteleostomi; Archelosauria; Archosauria; Dinosauria; Saurischia; Theropoda; Coelurosauria; Aves; Neognathae; Neoaves; Otidimorphae; Cuculiformes; Cuculidae; Phaenicophaeus	2024	2	24	5010	5032	23	24	100.00	96.00	YES	Barcode_45_forward_end_BC45_rev_From_Porechop__CACTGAAGGCATCTCTGTTGGATC_description_table	XM_069871222	PREDICTED: Phaenicophaeus curvirostris GCN1 activator of EIF2AK4 (GCN1), transcript variant X3, mRNA	Eukaryota; Metazoa; Chordata; Craniata; Vertebrata; Euteleostomi; Archelosauria; Archosauria; Dinosauria; Saurischia; Theropoda; Coelurosauria; Aves; Neognathae; Neoaves; Otidimorphae; Cuculiformes; Cuculidae; Phaenicophaeus	8616		mRNA	linear		2024
XM_069871221	8616	0.096		Phaenicophaeus curvirostris	Eukaryota; Metazoa; Chordata; Craniata; Vertebrata; Euteleostomi; Archelosauria; Archosauria; Dinosauria; Saurischia; Theropoda; Coelurosauria; Aves; Neognathae; Neoaves; Otidimorphae; Cuculiformes; Cuculidae; Phaenicophaeus	2024	2	24	5007	5029	23	24	100.00	96.00	YES	Barcode_45_forward_end_BC45_rev_From_Porechop__CACTGAAGGCATCTCTGTTGGATC_description_table	XM_069871221	PREDICTED: Phaenicophaeus curvirostris GCN1 activator of EIF2AK4 (GCN1), transcript variant X2, mRNA	Eukaryota; Metazoa; Chordata; Craniata; Vertebrata; Euteleostomi; Archelosauria; Archosauria; Dinosauria; Saurischia; Theropoda; Coelurosauria; Aves; Neognathae; Neoaves; Otidimorphae; Cuculiformes; Cuculidae; Phaenicophaeus	8616		mRNA	linear		2024
XM_069871219	8619	0.096		Phaenicophaeus curvirostris	Eukaryota; Metazoa; Chordata; Craniata; Vertebrata; Euteleostomi; Archelosauria; Archosauria; Dinosauria; Saurischia; Theropoda; Coelurosauria; Aves; Neognathae; Neoaves; Otidimorphae; Cuculiformes; Cuculidae; Phaenicophaeus	2024	2	24	5010	5032	23	24	100.00	96.00	YES	Barcode_45_forward_end_BC45_rev_From_Porechop__CACTGAAGGCATCTCTGTTGGATC_description_table	XM_069871219	PREDICTED: Phaenicophaeus curvirostris GCN1 activator of EIF2AK4 (GCN1), transcript variant X1, mRNA	Eukaryota; Metazoa; Chordata; Craniata; Vertebrata; Euteleostomi; Archelosauria; Archosauria; Dinosauria; Saurischia; Theropoda; Coelurosauria; Aves; Neognathae; Neoaves; Otidimorphae; Cuculiformes; Cuculidae; Phaenicophaeus	8619		mRNA	linear		2024
XM_026859708	8593	0.096		Athene cunicularia	Eukaryota; Metazoa; Chordata; Craniata; Vertebrata; Euteleostomi; Archelosauria; Archosauria; Dinosauria; Saurischia; Theropoda; Coelurosauria; Aves; Neognathae; Neoaves; Telluraves; Strigiformes; Strigidae; Athene	2018	2	24	4961	4983	23	24	100.00	96.00	YES	Barcode_45_forward_end_BC45_rev_From_Porechop__CACTGAAGGCATCTCTGTTGGATC_description_table	XM_026859708	PREDICTED: Athene cunicularia GCN1, eIF2 alpha kinase activator homolog (GCN1), mRNA	Eukaryota; Metazoa; Chordata; Craniata; Vertebrata; Euteleostomi; Archelosauria; Archosauria; Dinosauria; Saurischia; Theropoda; Coelurosauria; Aves; Neognathae; Neoaves; Telluraves; Strigiformes; Strigidae; Athene	8593		mRNA	linear		2018
OZ196929	16468528	0.096		Phaethon aethereus	Eukaryota; Metazoa; Chordata; Craniata; Vertebrata; Euteleostomi; Archelosauria; Archosauria; Dinosauria; Saurischia; Theropoda; Coelurosauria; Aves; Neognathae; Neoaves; Phaethontimorphae; Phaethontiformes; Phaethontidae; Phaethon	2024	2	24	12282683	12282705	23	24	100.00	96.00	YES	Barcode_45_forward_end_BC45_rev_From_Porechop__CACTGAAGGCATCTCTGTTGGATC_description_table	OZ196929	Phaethon aethereus genome assembly, chromosome: 17	Eukaryota; Metazoa; Chordata; Craniata; Vertebrata; Euteleostomi; Archelosauria; Archosauria; Dinosauria; Saurischia; Theropoda; Coelurosauria; Aves; Neognathae; Neoaves; Phaethontimorphae; Phaethontiformes; Phaethontidae; Phaethon	16468528		DNA	linear	The assembly bPhaAeh10.maternal.1 is based on 29x PacBio data and Arima2 Hi-C data generated by the Darwin Tree of Life Project (https://www.darwintreeoflife.org/). The assembly process included the following sequence of steps: initial PacBio assembly generation with Hifiasm in Hi-C integrated assembly mode, and Hi-C based scaffolding with YaHS. The mitochondrial genome was assembled using MitoHiFi. Finally, each haplotype assembly was analysed and manually improved using TreeVal. Chromosome-scale scaffolds confirmed by the Hi-C data have been named in order of size.	2024
XM_068161753	9062	0.096		Melanerpes formicivorus	Eukaryota; Metazoa; Chordata; Craniata; Vertebrata; Euteleostomi; Archelosauria; Archosauria; Dinosauria; Saurischia; Theropoda; Coelurosauria; Aves; Neognathae; Neoaves; Telluraves; Coraciimorphae; Piciformes; Picidae; Melanerpes	2024	2	24	4999	5021	23	24	100.00	96.00	YES	Barcode_45_forward_end_BC45_rev_From_Porechop__CACTGAAGGCATCTCTGTTGGATC_description_table	XM_068161753	PREDICTED: Melanerpes formicivorus GCN1 activator of EIF2AK4 (GCN1), transcript variant X2, mRNA	Eukaryota; Metazoa; Chordata; Craniata; Vertebrata; Euteleostomi; Archelosauria; Archosauria; Dinosauria; Saurischia; Theropoda; Coelurosauria; Aves; Neognathae; Neoaves; Telluraves; Coraciimorphae; Piciformes; Picidae; Melanerpes	9062		mRNA	linear		2024
XM_068161752	9063	0.096		Melanerpes formicivorus	Eukaryota; Metazoa; Chordata; Craniata; Vertebrata; Euteleostomi; Archelosauria; Archosauria; Dinosauria; Saurischia; Theropoda; Coelurosauria; Aves; Neognathae; Neoaves; Telluraves; Coraciimorphae; Piciformes; Picidae; Melanerpes	2024	2	24	4999	5021	23	24	100.00	96.00	YES	Barcode_45_forward_end_BC45_rev_From_Porechop__CACTGAAGGCATCTCTGTTGGATC_description_table	XM_068161752	PREDICTED: Melanerpes formicivorus GCN1 activator of EIF2AK4 (GCN1), transcript variant X1, mRNA	Eukaryota; Metazoa; Chordata; Craniata; Vertebrata; Euteleostomi; Archelosauria; Archosauria; Dinosauria; Saurischia; Theropoda; Coelurosauria; Aves; Neognathae; Neoaves; Telluraves; Coraciimorphae; Piciformes; Picidae; Melanerpes	9063		mRNA	linear		2024
XM_065692894	8627	0.096		Lathamus discolor	Eukaryota; Metazoa; Chordata; Craniata; Vertebrata; Euteleostomi; Archelosauria; Archosauria; Dinosauria; Saurischia; Theropoda; Coelurosauria; Aves; Neognathae; Neoaves; Telluraves; Australaves; Psittaciformes; Psittacidae; Lathamus	2024	2	24	5029	5051	23	24	100.00	96.00	YES	Barcode_45_forward_end_BC45_rev_From_Porechop__CACTGAAGGCATCTCTGTTGGATC_description_table	XM_065692894	PREDICTED: Lathamus discolor GCN1 activator of EIF2AK4 (GCN1), transcript variant X2, mRNA	Eukaryota; Metazoa; Chordata; Craniata; Vertebrata; Euteleostomi; Archelosauria; Archosauria; Dinosauria; Saurischia; Theropoda; Coelurosauria; Aves; Neognathae; Neoaves; Telluraves; Australaves; Psittaciformes; Psittacidae; Lathamus	8627		mRNA	linear		2024
XM_065692893	8630	0.096		Lathamus discolor	Eukaryota; Metazoa; Chordata; Craniata; Vertebrata; Euteleostomi; Archelosauria; Archosauria; Dinosauria; Saurischia; Theropoda; Coelurosauria; Aves; Neognathae; Neoaves; Telluraves; Australaves; Psittaciformes; Psittacidae; Lathamus	2024	2	24	5029	5051	23	24	100.00	96.00	YES	Barcode_45_forward_end_BC45_rev_From_Porechop__CACTGAAGGCATCTCTGTTGGATC_description_table	XM_065692893	PREDICTED: Lathamus discolor GCN1 activator of EIF2AK4 (GCN1), transcript variant X1, mRNA	Eukaryota; Metazoa; Chordata; Craniata; Vertebrata; Euteleostomi; Archelosauria; Archosauria; Dinosauria; Saurischia; Theropoda; Coelurosauria; Aves; Neognathae; Neoaves; Telluraves; Australaves; Psittaciformes; Psittacidae; Lathamus	8630		mRNA	linear		2024
XM_064168958	8710	0.096		Pogoniulus pusillus	Eukaryota; Metazoa; Chordata; Craniata; Vertebrata; Euteleostomi; Archelosauria; Archosauria; Dinosauria; Saurischia; Theropoda; Coelurosauria; Aves; Neognathae; Neoaves; Telluraves; Coraciimorphae; Piciformes; Lybiidae; Pogoniulus	2024	2	24	5089	5111	23	24	100.00	96.00	YES	Barcode_45_forward_end_BC45_rev_From_Porechop__CACTGAAGGCATCTCTGTTGGATC_description_table	XM_064168958	PREDICTED: Pogoniulus pusillus GCN1 activator of EIF2AK4 (GCN1), transcript variant X3, mRNA	Eukaryota; Metazoa; Chordata; Craniata; Vertebrata; Euteleostomi; Archelosauria; Archosauria; Dinosauria; Saurischia; Theropoda; Coelurosauria; Aves; Neognathae; Neoaves; Telluraves; Coraciimorphae; Piciformes; Lybiidae; Pogoniulus	8710		mRNA	linear		2024
XM_064168957	8641	0.096		Pogoniulus pusillus	Eukaryota; Metazoa; Chordata; Craniata; Vertebrata; Euteleostomi; Archelosauria; Archosauria; Dinosauria; Saurischia; Theropoda; Coelurosauria; Aves; Neognathae; Neoaves; Telluraves; Coraciimorphae; Piciformes; Lybiidae; Pogoniulus	2024	2	24	5023	5045	23	24	100.00	96.00	YES	Barcode_45_forward_end_BC45_rev_From_Porechop__CACTGAAGGCATCTCTGTTGGATC_description_table	XM_064168957	PREDICTED: Pogoniulus pusillus GCN1 activator of EIF2AK4 (GCN1), transcript variant X2, mRNA	Eukaryota; Metazoa; Chordata; Craniata; Vertebrata; Euteleostomi; Archelosauria; Archosauria; Dinosauria; Saurischia; Theropoda; Coelurosauria; Aves; Neognathae; Neoaves; Telluraves; Coraciimorphae; Piciformes; Lybiidae; Pogoniulus	8641		mRNA	linear		2024
XM_064168956	8644	0.096		Pogoniulus pusillus	Eukaryota; Metazoa; Chordata; Craniata; Vertebrata; Euteleostomi; Archelosauria; Archosauria; Dinosauria; Saurischia; Theropoda; Coelurosauria; Aves; Neognathae; Neoaves; Telluraves; Coraciimorphae; Piciformes; Lybiidae; Pogoniulus	2024	2	24	5023	5045	23	24	100.00	96.00	YES	Barcode_45_forward_end_BC45_rev_From_Porechop__CACTGAAGGCATCTCTGTTGGATC_description_table	XM_064168956	PREDICTED: Pogoniulus pusillus GCN1 activator of EIF2AK4 (GCN1), transcript variant X1, mRNA	Eukaryota; Metazoa; Chordata; Craniata; Vertebrata; Euteleostomi; Archelosauria; Archosauria; Dinosauria; Saurischia; Theropoda; Coelurosauria; Aves; Neognathae; Neoaves; Telluraves; Coraciimorphae; Piciformes; Lybiidae; Pogoniulus	8644		mRNA	linear		2024
XM_063350903	8602	0.096		Chroicocephalus ridibundus	Eukaryota; Metazoa; Chordata; Craniata; Vertebrata; Euteleostomi; Archelosauria; Archosauria; Dinosauria; Saurischia; Theropoda; Coelurosauria; Aves; Neognathae; Neoaves; Charadriiformes; Laridae; Chroicocephalus	2024	2	24	4998	5020	23	24	100.00	96.00	YES	Barcode_45_forward_end_BC45_rev_From_Porechop__CACTGAAGGCATCTCTGTTGGATC_description_table	XM_063350903	PREDICTED: Chroicocephalus ridibundus GCN1 activator of EIF2AK4 (GCN1), transcript variant X2, mRNA	Eukaryota; Metazoa; Chordata; Craniata; Vertebrata; Euteleostomi; Archelosauria; Archosauria; Dinosauria; Saurischia; Theropoda; Coelurosauria; Aves; Neognathae; Neoaves; Charadriiformes; Laridae; Chroicocephalus	8602		mRNA	linear		2024
XM_063350902	8605	0.096		Chroicocephalus ridibundus	Eukaryota; Metazoa; Chordata; Craniata; Vertebrata; Euteleostomi; Archelosauria; Archosauria; Dinosauria; Saurischia; Theropoda; Coelurosauria; Aves; Neognathae; Neoaves; Charadriiformes; Laridae; Chroicocephalus	2024	2	24	4998	5020	23	24	100.00	96.00	YES	Barcode_45_forward_end_BC45_rev_From_Porechop__CACTGAAGGCATCTCTGTTGGATC_description_table	XM_063350902	PREDICTED: Chroicocephalus ridibundus GCN1 activator of EIF2AK4 (GCN1), transcript variant X1, mRNA	Eukaryota; Metazoa; Chordata; Craniata; Vertebrata; Euteleostomi; Archelosauria; Archosauria; Dinosauria; Saurischia; Theropoda; Coelurosauria; Aves; Neognathae; Neoaves; Charadriiformes; Laridae; Chroicocephalus	8605		mRNA	linear		2024
OZ001746	17360195	0.096		Chroicocephalus ridibundus	Eukaryota; Metazoa; Chordata; Craniata; Vertebrata; Euteleostomi; Archelosauria; Archosauria; Dinosauria; Saurischia; Theropoda; Coelurosauria; Aves; Neognathae; Neoaves; Charadriiformes; Laridae; Chroicocephalus	2024	2	24	12550221	12550243	23	24	100.00	96.00	YES	Barcode_45_forward_end_BC45_rev_From_Porechop__CACTGAAGGCATCTCTGTTGGATC_description_table	OZ001746	Chroicocephalus ridibundus genome assembly, chromosome: 13	Eukaryota; Metazoa; Chordata; Craniata; Vertebrata; Euteleostomi; Archelosauria; Archosauria; Dinosauria; Saurischia; Theropoda; Coelurosauria; Aves; Neognathae; Neoaves; Charadriiformes; Laridae; Chroicocephalus	17360195		DNA	linear	The assembly bChrRid1.1 is based on 37x PacBio data and Arima2 Hi-C data generated by the Darwin Tree of Life Project~(https://www.darwintreeoflife.org/). The assembly process included the following sequence of steps: initial PacBio assembly generation with Hifiasm, retained haplotig separation with purge_dups, and Hi-C based scaffolding with YaHS. The mitochondrial genome was assembled using MitoHiFi. Finally, the primary assembly was analysed and manually improved using TreeVal. Chromosome-scale scaffolds confirmed by the Hi-C data have been named in order of size. Z chromosome identified based on alignment with chicken (GCF_016699485.2).	2024
XR_009819957	9460	0.096		Colius striatus	Eukaryota; Metazoa; Chordata; Craniata; Vertebrata; Euteleostomi; Archelosauria; Archosauria; Dinosauria; Saurischia; Theropoda; Coelurosauria; Aves; Neognathae; Neoaves; Telluraves; Coraciimorphae; Coliiformes; Coliidae; Colius	2024	2	24	5013	5035	23	24	100.00	96.00	YES	Barcode_45_forward_end_BC45_rev_From_Porechop__CACTGAAGGCATCTCTGTTGGATC_description_table	XR_009819957	PREDICTED: Colius striatus GCN1 activator of EIF2AK4 (GCN1), transcript variant X6, misc_RNA	Eukaryota; Metazoa; Chordata; Craniata; Vertebrata; Euteleostomi; Archelosauria; Archosauria; Dinosauria; Saurischia; Theropoda; Coelurosauria; Aves; Neognathae; Neoaves; Telluraves; Coraciimorphae; Coliiformes; Coliidae; Colius	9460		RNA	linear		2024
XR_009819956	9463	0.096		Colius striatus	Eukaryota; Metazoa; Chordata; Craniata; Vertebrata; Euteleostomi; Archelosauria; Archosauria; Dinosauria; Saurischia; Theropoda; Coelurosauria; Aves; Neognathae; Neoaves; Telluraves; Coraciimorphae; Coliiformes; Coliidae; Colius	2024	2	24	5013	5035	23	24	100.00	96.00	YES	Barcode_45_forward_end_BC45_rev_From_Porechop__CACTGAAGGCATCTCTGTTGGATC_description_table	XR_009819956	PREDICTED: Colius striatus GCN1 activator of EIF2AK4 (GCN1), transcript variant X5, misc_RNA	Eukaryota; Metazoa; Chordata; Craniata; Vertebrata; Euteleostomi; Archelosauria; Archosauria; Dinosauria; Saurischia; Theropoda; Coelurosauria; Aves; Neognathae; Neoaves; Telluraves; Coraciimorphae; Coliiformes; Coliidae; Colius	9463		RNA	linear		2024
XR_009819955	9247	0.096		Colius striatus	Eukaryota; Metazoa; Chordata; Craniata; Vertebrata; Euteleostomi; Archelosauria; Archosauria; Dinosauria; Saurischia; Theropoda; Coelurosauria; Aves; Neognathae; Neoaves; Telluraves; Coraciimorphae; Coliiformes; Coliidae; Colius	2024	2	24	5013	5035	23	24	100.00	96.00	YES	Barcode_45_forward_end_BC45_rev_From_Porechop__CACTGAAGGCATCTCTGTTGGATC_description_table	XR_009819955	PREDICTED: Colius striatus GCN1 activator of EIF2AK4 (GCN1), transcript variant X4, misc_RNA	Eukaryota; Metazoa; Chordata; Craniata; Vertebrata; Euteleostomi; Archelosauria; Archosauria; Dinosauria; Saurischia; Theropoda; Coelurosauria; Aves; Neognathae; Neoaves; Telluraves; Coraciimorphae; Coliiformes; Coliidae; Colius	9247		RNA	linear		2024
XM_062010451	9578	0.096		Colius striatus	Eukaryota; Metazoa; Chordata; Craniata; Vertebrata; Euteleostomi; Archelosauria; Archosauria; Dinosauria; Saurischia; Theropoda; Coelurosauria; Aves; Neognathae; Neoaves; Telluraves; Coraciimorphae; Coliiformes; Coliidae; Colius	2024	2	24	5013	5035	23	24	100.00	96.00	YES	Barcode_45_forward_end_BC45_rev_From_Porechop__CACTGAAGGCATCTCTGTTGGATC_description_table	XM_062010451	PREDICTED: Colius striatus GCN1 activator of EIF2AK4 (GCN1), transcript variant X3, mRNA	Eukaryota; Metazoa; Chordata; Craniata; Vertebrata; Euteleostomi; Archelosauria; Archosauria; Dinosauria; Saurischia; Theropoda; Coelurosauria; Aves; Neognathae; Neoaves; Telluraves; Coraciimorphae; Coliiformes; Coliidae; Colius	9578		mRNA	linear		2024
XM_062010450	8638	0.096		Colius striatus	Eukaryota; Metazoa; Chordata; Craniata; Vertebrata; Euteleostomi; Archelosauria; Archosauria; Dinosauria; Saurischia; Theropoda; Coelurosauria; Aves; Neognathae; Neoaves; Telluraves; Coraciimorphae; Coliiformes; Coliidae; Colius	2024	2	24	5013	5035	23	24	100.00	96.00	YES	Barcode_45_forward_end_BC45_rev_From_Porechop__CACTGAAGGCATCTCTGTTGGATC_description_table	XM_062010450	PREDICTED: Colius striatus GCN1 activator of EIF2AK4 (GCN1), transcript variant X2, mRNA	Eukaryota; Metazoa; Chordata; Craniata; Vertebrata; Euteleostomi; Archelosauria; Archosauria; Dinosauria; Saurischia; Theropoda; Coelurosauria; Aves; Neognathae; Neoaves; Telluraves; Coraciimorphae; Coliiformes; Coliidae; Colius	8638		mRNA	linear		2024
XM_062010448	8641	0.096		Colius striatus	Eukaryota; Metazoa; Chordata; Craniata; Vertebrata; Euteleostomi; Archelosauria; Archosauria; Dinosauria; Saurischia; Theropoda; Coelurosauria; Aves; Neognathae; Neoaves; Telluraves; Coraciimorphae; Coliiformes; Coliidae; Colius	2024	2	24	5013	5035	23	24	100.00	96.00	YES	Barcode_45_forward_end_BC45_rev_From_Porechop__CACTGAAGGCATCTCTGTTGGATC_description_table	XM_062010448	PREDICTED: Colius striatus GCN1 activator of EIF2AK4 (GCN1), transcript variant X1, mRNA	Eukaryota; Metazoa; Chordata; Craniata; Vertebrata; Euteleostomi; Archelosauria; Archosauria; Dinosauria; Saurischia; Theropoda; Coelurosauria; Aves; Neognathae; Neoaves; Telluraves; Coraciimorphae; Coliiformes; Coliidae; Colius	8641		mRNA	linear		2024
XM_061370582	8674	0.096		Neopsephotus bourkii	Eukaryota; Metazoa; Chordata; Craniata; Vertebrata; Euteleostomi; Archelosauria; Archosauria; Dinosauria; Saurischia; Theropoda; Coelurosauria; Aves; Neognathae; Neoaves; Telluraves; Australaves; Psittaciformes; Psittacidae; Neopsephotus	2023	2	24	5066	5088	23	24	100.00	96.00	YES	Barcode_45_forward_end_BC45_rev_From_Porechop__CACTGAAGGCATCTCTGTTGGATC_description_table	XM_061370582	PREDICTED: Neopsephotus bourkii GCN1 activator of EIF2AK4 (GCN1), mRNA	Eukaryota; Metazoa; Chordata; Craniata; Vertebrata; Euteleostomi; Archelosauria; Archosauria; Dinosauria; Saurischia; Theropoda; Coelurosauria; Aves; Neognathae; Neoaves; Telluraves; Australaves; Psittaciformes; Psittacidae; Neopsephotus	8674		mRNA	linear		2023
XM_059827524	8599	0.096		Gavia stellata	Eukaryota; Metazoa; Chordata; Craniata; Vertebrata; Euteleostomi; Archelosauria; Archosauria; Dinosauria; Saurischia; Theropoda; Coelurosauria; Aves; Neognathae; Neoaves; Aequornithes; Gaviiformes; Gaviidae; Gavia	2023	2	24	4983	5005	23	24	100.00	96.00	YES	Barcode_45_forward_end_BC45_rev_From_Porechop__CACTGAAGGCATCTCTGTTGGATC_description_table	XM_059827524	PREDICTED: Gavia stellata GCN1 activator of EIF2AK4 (GCN1), mRNA	Eukaryota; Metazoa; Chordata; Craniata; Vertebrata; Euteleostomi; Archelosauria; Archosauria; Dinosauria; Saurischia; Theropoda; Coelurosauria; Aves; Neognathae; Neoaves; Aequornithes; Gaviiformes; Gaviidae; Gavia	8599		mRNA	linear		2023
OY725433	15499813	0.096		Psittacula echo	Eukaryota; Metazoa; Chordata; Craniata; Vertebrata; Euteleostomi; Archelosauria; Archosauria; Dinosauria; Saurischia; Theropoda; Coelurosauria; Aves; Neognathae; Neoaves; Telluraves; Australaves; Psittaciformes; Psittacidae; Psittacula	2023	2	24	11333072	11333094	23	24	100.00	96.00	YES	Barcode_45_forward_end_BC45_rev_From_Porechop__CACTGAAGGCATCTCTGTTGGATC_description_table	OY725433	Psittacula echo genome assembly, chromosome: 13	Eukaryota; Metazoa; Chordata; Craniata; Vertebrata; Euteleostomi; Archelosauria; Archosauria; Dinosauria; Saurischia; Theropoda; Coelurosauria; Aves; Neognathae; Neoaves; Telluraves; Australaves; Psittaciformes; Psittacidae; Psittacula	15499813		DNA	linear	The assembly bPsiEch3.1 is based on 79x PacBio data and Arima2 Hi-C data generated by the Darwin Tree of Life Project~(https://www.darwintreeoflife.org/). The assembly process included the following sequence of steps: initial PacBio assembly generation with Hifiasm, retained haplotig separation with purge_dups, and Hi-C based scaffolding with YaHS. The mitochondrial genome was assembled using MitoHiFi. Finally, the primary assembly was analysed and manually improved using rapid curation. Chromosome-scale scaffolds confirmed by the Hi-C data have been named in order of size. Z chromosome identified based on HiC signal from female sample (Pacbio hifi data used for de novo assembly was derived from a male).	2023
XR_008579558	8009	0.096		Grus americana	Eukaryota; Metazoa; Chordata; Craniata; Vertebrata; Euteleostomi; Archelosauria; Archosauria; Dinosauria; Saurischia; Theropoda; Coelurosauria; Aves; Neognathae; Neoaves; Gruiformes; Gruidae; Grus	2023	2	24	5000	5022	23	24	100.00	96.00	YES	Barcode_45_forward_end_BC45_rev_From_Porechop__CACTGAAGGCATCTCTGTTGGATC_description_table	XR_008579558	PREDICTED: Grus americana GCN1 activator of EIF2AK4 (GCN1), transcript variant X4, misc_RNA	Eukaryota; Metazoa; Chordata; Craniata; Vertebrata; Euteleostomi; Archelosauria; Archosauria; Dinosauria; Saurischia; Theropoda; Coelurosauria; Aves; Neognathae; Neoaves; Gruiformes; Gruidae; Grus	8009		RNA	linear		2023
XM_054844656	8214	0.096		Grus americana	Eukaryota; Metazoa; Chordata; Craniata; Vertebrata; Euteleostomi; Archelosauria; Archosauria; Dinosauria; Saurischia; Theropoda; Coelurosauria; Aves; Neognathae; Neoaves; Gruiformes; Gruidae; Grus	2023	2	24	5000	5022	23	24	100.00	96.00	YES	Barcode_45_forward_end_BC45_rev_From_Porechop__CACTGAAGGCATCTCTGTTGGATC_description_table	XM_054844656	PREDICTED: Grus americana GCN1 activator of EIF2AK4 (GCN1), transcript variant X3, mRNA	Eukaryota; Metazoa; Chordata; Craniata; Vertebrata; Euteleostomi; Archelosauria; Archosauria; Dinosauria; Saurischia; Theropoda; Coelurosauria; Aves; Neognathae; Neoaves; Gruiformes; Gruidae; Grus	8214		mRNA	linear		2023
XM_054844654	8615	0.096		Grus americana	Eukaryota; Metazoa; Chordata; Craniata; Vertebrata; Euteleostomi; Archelosauria; Archosauria; Dinosauria; Saurischia; Theropoda; Coelurosauria; Aves; Neognathae; Neoaves; Gruiformes; Gruidae; Grus	2023	2	24	5000	5022	23	24	100.00	96.00	YES	Barcode_45_forward_end_BC45_rev_From_Porechop__CACTGAAGGCATCTCTGTTGGATC_description_table	XM_054844654	PREDICTED: Grus americana GCN1 activator of EIF2AK4 (GCN1), transcript variant X2, mRNA	Eukaryota; Metazoa; Chordata; Craniata; Vertebrata; Euteleostomi; Archelosauria; Archosauria; Dinosauria; Saurischia; Theropoda; Coelurosauria; Aves; Neognathae; Neoaves; Gruiformes; Gruidae; Grus	8615		mRNA	linear		2023
XM_054844653	8618	0.096		Grus americana	Eukaryota; Metazoa; Chordata; Craniata; Vertebrata; Euteleostomi; Archelosauria; Archosauria; Dinosauria; Saurischia; Theropoda; Coelurosauria; Aves; Neognathae; Neoaves; Gruiformes; Gruidae; Grus	2023	2	24	5000	5022	23	24	100.00	96.00	YES	Barcode_45_forward_end_BC45_rev_From_Porechop__CACTGAAGGCATCTCTGTTGGATC_description_table	XM_054844653	PREDICTED: Grus americana GCN1 activator of EIF2AK4 (GCN1), transcript variant X1, mRNA	Eukaryota; Metazoa; Chordata; Craniata; Vertebrata; Euteleostomi; Archelosauria; Archosauria; Dinosauria; Saurischia; Theropoda; Coelurosauria; Aves; Neognathae; Neoaves; Gruiformes; Gruidae; Grus	8618		mRNA	linear		2023
XM_054219383	8626	0.096		Rissa tridactyla	Eukaryota; Metazoa; Chordata; Craniata; Vertebrata; Euteleostomi; Archelosauria; Archosauria; Dinosauria; Saurischia; Theropoda; Coelurosauria; Aves; Neognathae; Neoaves; Charadriiformes; Laridae; Rissa	2023	2	24	5022	5044	23	24	100.00	96.00	YES	Barcode_45_forward_end_BC45_rev_From_Porechop__CACTGAAGGCATCTCTGTTGGATC_description_table	XM_054219383	PREDICTED: Rissa tridactyla GCN1 activator of EIF2AK4 (GCN1), transcript variant X2, mRNA	Eukaryota; Metazoa; Chordata; Craniata; Vertebrata; Euteleostomi; Archelosauria; Archosauria; Dinosauria; Saurischia; Theropoda; Coelurosauria; Aves; Neognathae; Neoaves; Charadriiformes; Laridae; Rissa	8626		mRNA	linear		2023
XM_054219382	8629	0.096		Rissa tridactyla	Eukaryota; Metazoa; Chordata; Craniata; Vertebrata; Euteleostomi; Archelosauria; Archosauria; Dinosauria; Saurischia; Theropoda; Coelurosauria; Aves; Neognathae; Neoaves; Charadriiformes; Laridae; Rissa	2023	2	24	5022	5044	23	24	100.00	96.00	YES	Barcode_45_forward_end_BC45_rev_From_Porechop__CACTGAAGGCATCTCTGTTGGATC_description_table	XM_054219382	PREDICTED: Rissa tridactyla GCN1 activator of EIF2AK4 (GCN1), transcript variant X1, mRNA	Eukaryota; Metazoa; Chordata; Craniata; Vertebrata; Euteleostomi; Archelosauria; Archosauria; Dinosauria; Saurischia; Theropoda; Coelurosauria; Aves; Neognathae; Neoaves; Charadriiformes; Laridae; Rissa	8629		mRNA	linear		2023
XM_054173312	8682	0.096		Dryobates pubescens	Eukaryota; Metazoa; Chordata; Craniata; Vertebrata; Euteleostomi; Archelosauria; Archosauria; Dinosauria; Saurischia; Theropoda; Coelurosauria; Aves; Neognathae; Neoaves; Telluraves; Coraciimorphae; Piciformes; Picidae; Dryobates	2023	2	24	5005	5027	23	24	100.00	96.00	YES	Barcode_45_forward_end_BC45_rev_From_Porechop__CACTGAAGGCATCTCTGTTGGATC_description_table	XM_054173312	PREDICTED: Dryobates pubescens GCN1 activator of EIF2AK4 (GCN1), mRNA	Eukaryota; Metazoa; Chordata; Craniata; Vertebrata; Euteleostomi; Archelosauria; Archosauria; Dinosauria; Saurischia; Theropoda; Coelurosauria; Aves; Neognathae; Neoaves; Telluraves; Coraciimorphae; Piciformes; Picidae; Dryobates	8682		mRNA	linear		2023
XM_050906402	8042	0.096		Gymnogyps californianus	Eukaryota; Metazoa; Chordata; Craniata; Vertebrata; Euteleostomi; Archelosauria; Archosauria; Dinosauria; Saurischia; Theropoda; Coelurosauria; Aves; Neognathae; Neoaves; Telluraves; Accipitrimorphae; Accipitriformes; Cathartidae; Gymnogyps	2023	2	24	4427	4449	23	24	100.00	96.00	YES	Barcode_45_forward_end_BC45_rev_From_Porechop__CACTGAAGGCATCTCTGTTGGATC_description_table	XM_050906402	PREDICTED: Gymnogyps californianus GCN1 activator of EIF2AK4 (GCN1), transcript variant X2, mRNA	Eukaryota; Metazoa; Chordata; Craniata; Vertebrata; Euteleostomi; Archelosauria; Archosauria; Dinosauria; Saurischia; Theropoda; Coelurosauria; Aves; Neognathae; Neoaves; Telluraves; Accipitrimorphae; Accipitriformes; Cathartidae; Gymnogyps	8042		mRNA	linear		2023
XM_050906401	8601	0.096		Gymnogyps californianus	Eukaryota; Metazoa; Chordata; Craniata; Vertebrata; Euteleostomi; Archelosauria; Archosauria; Dinosauria; Saurischia; Theropoda; Coelurosauria; Aves; Neognathae; Neoaves; Telluraves; Accipitrimorphae; Accipitriformes; Cathartidae; Gymnogyps	2023	2	24	4983	5005	23	24	100.00	96.00	YES	Barcode_45_forward_end_BC45_rev_From_Porechop__CACTGAAGGCATCTCTGTTGGATC_description_table	XM_050906401	PREDICTED: Gymnogyps californianus GCN1 activator of EIF2AK4 (GCN1), transcript variant X1, mRNA	Eukaryota; Metazoa; Chordata; Craniata; Vertebrata; Euteleostomi; Archelosauria; Archosauria; Dinosauria; Saurischia; Theropoda; Coelurosauria; Aves; Neognathae; Neoaves; Telluraves; Accipitrimorphae; Accipitriformes; Cathartidae; Gymnogyps	8601		mRNA	linear		2023
XM_010289933	8600	0.096		Phaethon lepturus	Eukaryota; Metazoa; Chordata; Craniata; Vertebrata; Euteleostomi; Archelosauria; Archosauria; Dinosauria; Saurischia; Theropoda; Coelurosauria; Aves; Neognathae; Neoaves; Phaethontimorphae; Phaethontiformes; Phaethontidae; Phaethon	2014	2	24	4965	4987	23	24	100.00	96.00	YES	Barcode_45_forward_end_BC45_rev_From_Porechop__CACTGAAGGCATCTCTGTTGGATC_description_table	XM_010289933	PREDICTED: Phaethon lepturus GCN1 general control of amino-acid synthesis 1-like 1 (yeast) (GCN1L1), partial mRNA	Eukaryota; Metazoa; Chordata; Craniata; Vertebrata; Euteleostomi; Archelosauria; Archosauria; Dinosauria; Saurischia; Theropoda; Coelurosauria; Aves; Neognathae; Neoaves; Phaethontimorphae; Phaethontiformes; Phaethontidae; Phaethon	8600		mRNA	linear		2014
XM_010119559	5855	0.096		Chlamydotis macqueenii	Eukaryota; Metazoa; Chordata; Craniata; Vertebrata; Euteleostomi; Archelosauria; Archosauria; Dinosauria; Saurischia; Theropoda; Coelurosauria; Aves; Neognathae; Neoaves; Otidimorphae; Otidiformes; Otididae; Chlamydotis	2014	2	24	2234	2256	23	24	100.00	96.00	YES	Barcode_45_forward_end_BC45_rev_From_Porechop__CACTGAAGGCATCTCTGTTGGATC_description_table	XM_010119559	PREDICTED: Chlamydotis macqueenii GCN1 general control of amino-acid synthesis 1-like 1 (yeast) (GCN1L1), partial mRNA	Eukaryota; Metazoa; Chordata; Craniata; Vertebrata; Euteleostomi; Archelosauria; Archosauria; Dinosauria; Saurischia; Theropoda; Coelurosauria; Aves; Neognathae; Neoaves; Otidimorphae; Otidiformes; Otididae; Chlamydotis	5855		mRNA	linear		2014
XM_010073266	8719	0.096		Pterocles gutturalis	Eukaryota; Metazoa; Chordata; Craniata; Vertebrata; Euteleostomi; Archelosauria; Archosauria; Dinosauria; Saurischia; Theropoda; Coelurosauria; Aves; Neognathae; Neoaves; Columbimorphae; Pterocliformes; Pteroclidae; Pterocles	2014	2	24	5091	5113	23	24	100.00	96.00	YES	Barcode_45_forward_end_BC45_rev_From_Porechop__CACTGAAGGCATCTCTGTTGGATC_description_table	XM_010073266	PREDICTED: Pterocles gutturalis GCN1 general control of amino-acid synthesis 1-like 1 (yeast) (GCN1L1), partial mRNA	Eukaryota; Metazoa; Chordata; Craniata; Vertebrata; Euteleostomi; Archelosauria; Archosauria; Dinosauria; Saurischia; Theropoda; Coelurosauria; Aves; Neognathae; Neoaves; Columbimorphae; Pterocliformes; Pteroclidae; Pterocles	8719		mRNA	linear		2014
XM_010016792	8586	0.096		Nestor notabilis	Eukaryota; Metazoa; Chordata; Craniata; Vertebrata; Euteleostomi; Archelosauria; Archosauria; Dinosauria; Saurischia; Theropoda; Coelurosauria; Aves; Neognathae; Neoaves; Telluraves; Australaves; Psittaciformes; Psittacidae; Nestor	2014	2	24	4965	4987	23	24	100.00	96.00	YES	Barcode_45_forward_end_BC45_rev_From_Porechop__CACTGAAGGCATCTCTGTTGGATC_description_table	XM_010016792	PREDICTED: Nestor notabilis GCN1 general control of amino-acid synthesis 1-like 1 (yeast) (GCN1L1), partial mRNA	Eukaryota; Metazoa; Chordata; Craniata; Vertebrata; Euteleostomi; Archelosauria; Archosauria; Dinosauria; Saurischia; Theropoda; Coelurosauria; Aves; Neognathae; Neoaves; Telluraves; Australaves; Psittaciformes; Psittacidae; Nestor	8586		mRNA	linear		2014
XM_009873266	8578	0.096		Apaloderma vittatum	Eukaryota; Metazoa; Chordata; Craniata; Vertebrata; Euteleostomi; Archelosauria; Archosauria; Dinosauria; Saurischia; Theropoda; Coelurosauria; Aves; Neognathae; Neoaves; Telluraves; Coraciimorphae; Trogoniformes; Trogonidae; Apaloderma	2014	2	24	4965	4987	23	24	100.00	96.00	YES	Barcode_45_forward_end_BC45_rev_From_Porechop__CACTGAAGGCATCTCTGTTGGATC_description_table	XM_009873266	PREDICTED: Apaloderma vittatum GCN1 general control of amino-acid synthesis 1-like 1 (yeast) (GCN1L1), partial mRNA	Eukaryota; Metazoa; Chordata; Craniata; Vertebrata; Euteleostomi; Archelosauria; Archosauria; Dinosauria; Saurischia; Theropoda; Coelurosauria; Aves; Neognathae; Neoaves; Telluraves; Coraciimorphae; Trogoniformes; Trogonidae; Apaloderma	8578		mRNA	linear		2014
XM_009585369	8598	0.096		Fulmarus glacialis	Eukaryota; Metazoa; Chordata; Craniata; Vertebrata; Euteleostomi; Archelosauria; Archosauria; Dinosauria; Saurischia; Theropoda; Coelurosauria; Aves; Neognathae; Neoaves; Aequornithes; Procellariiformes; Procellariidae; Fulmarus	2014	2	24	4965	4987	23	24	100.00	96.00	YES	Barcode_45_forward_end_BC45_rev_From_Porechop__CACTGAAGGCATCTCTGTTGGATC_description_table	XM_009585369	PREDICTED: Fulmarus glacialis GCN1 general control of amino-acid synthesis 1-like 1 (yeast) (GCN1L1), partial mRNA	Eukaryota; Metazoa; Chordata; Craniata; Vertebrata; Euteleostomi; Archelosauria; Archosauria; Dinosauria; Saurischia; Theropoda; Coelurosauria; Aves; Neognathae; Neoaves; Aequornithes; Procellariiformes; Procellariidae; Fulmarus	8598		mRNA	linear		2014
XM_009330875	8721	0.096		Pygoscelis adeliae	Eukaryota; Metazoa; Chordata; Craniata; Vertebrata; Euteleostomi; Archelosauria; Archosauria; Dinosauria; Saurischia; Theropoda; Coelurosauria; Aves; Neognathae; Neoaves; Aequornithes; Sphenisciformes; Spheniscidae; Pygoscelis	2014	2	24	5088	5110	23	24	100.00	96.00	YES	Barcode_45_forward_end_BC45_rev_From_Porechop__CACTGAAGGCATCTCTGTTGGATC_description_table	XM_009330875	PREDICTED: Pygoscelis adeliae GCN1 general control of amino-acid synthesis 1-like 1 (yeast) (GCN1L1), mRNA	Eukaryota; Metazoa; Chordata; Craniata; Vertebrata; Euteleostomi; Archelosauria; Archosauria; Dinosauria; Saurischia; Theropoda; Coelurosauria; Aves; Neognathae; Neoaves; Aequornithes; Sphenisciformes; Spheniscidae; Pygoscelis	8721		mRNA	linear		2014
XM_009287544	8655	0.096		Aptenodytes forsteri	Eukaryota; Metazoa; Chordata; Craniata; Vertebrata; Euteleostomi; Archelosauria; Archosauria; Dinosauria; Saurischia; Theropoda; Coelurosauria; Aves; Neognathae; Neoaves; Aequornithes; Sphenisciformes; Spheniscidae; Aptenodytes	2016	2	24	5022	5044	23	24	100.00	96.00	YES	Barcode_45_forward_end_BC45_rev_From_Porechop__CACTGAAGGCATCTCTGTTGGATC_description_table	XM_009287544	PREDICTED: Aptenodytes forsteri GCN1, eIF2 alpha kinase activator homolog (GCN1), mRNA	Eukaryota; Metazoa; Chordata; Craniata; Vertebrata; Euteleostomi; Archelosauria; Archosauria; Dinosauria; Saurischia; Theropoda; Coelurosauria; Aves; Neognathae; Neoaves; Aequornithes; Sphenisciformes; Spheniscidae; Aptenodytes	8655		mRNA	linear		2016
XM_041787095	8495	0.096		Cheilinus undulatus	Eukaryota; Metazoa; Chordata; Craniata; Vertebrata; Euteleostomi; Actinopterygii; Neopterygii; Teleostei; Neoteleostei; Acanthomorphata; Eupercaria; Labriformes; Labridae; Cheilinus	2021	2	24	5006	5028	23	24	100.00	96.00	YES	Barcode_45_forward_end_BC45_rev_From_Porechop__CACTGAAGGCATCTCTGTTGGATC_description_table	XM_041787095	PREDICTED: Cheilinus undulatus GCN1 activator of EIF2AK4 (gcn1), mRNA	Eukaryota; Metazoa; Chordata; Craniata; Vertebrata; Euteleostomi; Actinopterygii; Neopterygii; Teleostei; Neoteleostei; Acanthomorphata; Eupercaria; Labriformes; Labridae; Cheilinus	8495		mRNA	linear		2021
OZ252440	17324803	0.38		Rallus aquaticus	Eukaryota; Metazoa; Chordata; Craniata; Vertebrata; Euteleostomi; Archelosauria; Archosauria; Dinosauria; Saurischia; Theropoda; Coelurosauria; Aves; Neognathae; Neoaves; Gruiformes; Rallidae; Rallus	2025	3	24	5161092	5161071	22	24	100.00	92.00	YES	Barcode_45_forward_end_BC45_rev_From_Porechop__CACTGAAGGCATCTCTGTTGGATC_description_table	OZ252440	Rallus aquaticus genome assembly, chromosome: 15	Eukaryota; Metazoa; Chordata; Craniata; Vertebrata; Euteleostomi; Archelosauria; Archosauria; Dinosauria; Saurischia; Theropoda; Coelurosauria; Aves; Neognathae; Neoaves; Gruiformes; Rallidae; Rallus	17324803		DNA	linear	The assembly bRalAqu1.1 is based on 42x PacBio data and Arima2 Hi-C data generated by the Darwin Tree of Life Project~(https://www.darwintreeoflife.org/). The assembly process included the following sequence of steps: initial PacBio assembly generation with Hifiasm, retained haplotig separation with purge_dups, and Hi-C based scaffolding with YaHS. The mitochondrial genome was assembled using MitoHiFi. Finally, the primary assembly was analysed and manually improved using TreeVal. Chromosome-scale scaffolds confirmed by the Hi-C data have been named in order of size.	2025
OZ239312	17670214	0.38		Saragossa porosa	Eukaryota; Metazoa; Ecdysozoa; Arthropoda; Hexapoda; Insecta; Pterygota; Neoptera; Endopterygota; Lepidoptera; Glossata; Ditrysia; Noctuoidea; Noctuidae; Noctuinae; Hadenini; Saragossa	2025	1	22	12400218	12400239	22	24	100.00	92.00	YES	Barcode_45_forward_end_BC45_rev_From_Porechop__CACTGAAGGCATCTCTGTTGGATC_description_table	OZ239312	Saragossa porosa genome assembly, chromosome: 17	Eukaryota; Metazoa; Ecdysozoa; Arthropoda; Hexapoda; Insecta; Pterygota; Neoptera; Endopterygota; Lepidoptera; Glossata; Ditrysia; Noctuoidea; Noctuidae; Noctuinae; Hadenini; Saragossa	17670214		DNA	linear	The assembly ilSarPoro1.hap1.1 is based on 74x PacBio data and Arima2 Hi-C data generated by Project Psyche (https://www.projectpsyche.org/). The assembly process included the following sequence of steps: initial PacBio assembly generation with Hifiasm in Hi-C integrated assembly mode, and Hi-C based scaffolding with YaHS. The mitochondrial genome was assembled using MitoHiFi. Finally, each haplotype assembly was analysed and manually improved using TreeVal. Chromosome-scale scaffolds confirmed by the Hi-C data have been named in order of size. This genome has been assembled using PacBio and HiC data and phased. The result is two curated haplotypes. Z chromosome identified based BUSCO gene painting with ancestral Merian elements (https://doi.org/10.1038/s41559-024-02329-4). A large number of telomeric repeats is in the unlocalised sequences. Individual heterozygous for an inversion in chromosome 29 (from 31,800Kbp to 2,500Kbp). The exact order and orientation of the repetitive region in chromosome chromosome 28 (3,873Kpb - 4,989Kbp) is unknown.	2025
OZ224376	20265883	0.38		Hada plebeja	Eukaryota; Metazoa; Ecdysozoa; Arthropoda; Hexapoda; Insecta; Pterygota; Neoptera; Endopterygota; Lepidoptera; Glossata; Ditrysia; Noctuoidea; Noctuidae; Noctuinae; Hadenini; Hada	2025	1	22	14017497	14017518	22	24	100.00	92.00	YES	Barcode_45_forward_end_BC45_rev_From_Porechop__CACTGAAGGCATCTCTGTTGGATC_description_table	OZ224376	Hada plebeja genome assembly, chromosome: 17	Eukaryota; Metazoa; Ecdysozoa; Arthropoda; Hexapoda; Insecta; Pterygota; Neoptera; Endopterygota; Lepidoptera; Glossata; Ditrysia; Noctuoidea; Noctuidae; Noctuinae; Hadenini; Hada	20265883		DNA	linear	The assembly ilHadPleb2.1 is based on 64x PacBio data and Arima2 Hi-C data generated by the Darwin Tree of Life Project~(https://www.darwintreeoflife.org/). The assembly process included the following sequence of steps: initial PacBio assembly generation with Hifiasm, and Hi-C based scaffolding with YaHS. The mitochondrial genome was assembled using MitoHiFi. A manually phased assembly (based on HiC signal) was generated from a jointly curated primary and alt assembly. Finally, the primary assembly was analysed and manually improved using TreeVal. Chromosome-scale scaffolds confirmed by the Hi-C data have been named in order of size. Z chromosome identified based on BUSCO gene painting with ancestral Merian elements (https://doi.org/10.1038/s41559-024-02329-4).	2025
OZ224376	20265883	0.38		Hada plebeja	Eukaryota; Metazoa; Ecdysozoa; Arthropoda; Hexapoda; Insecta; Pterygota; Neoptera; Endopterygota; Lepidoptera; Glossata; Ditrysia; Noctuoidea; Noctuidae; Noctuinae; Hadenini; Hada	2025	1	22	14022949	14022970	22	24	100.00	92.00	YES	Barcode_45_forward_end_BC45_rev_From_Porechop__CACTGAAGGCATCTCTGTTGGATC_description_table	OZ224376	Hada plebeja genome assembly, chromosome: 17	Eukaryota; Metazoa; Ecdysozoa; Arthropoda; Hexapoda; Insecta; Pterygota; Neoptera; Endopterygota; Lepidoptera; Glossata; Ditrysia; Noctuoidea; Noctuidae; Noctuinae; Hadenini; Hada	20265883		DNA	linear	The assembly ilHadPleb2.1 is based on 64x PacBio data and Arima2 Hi-C data generated by the Darwin Tree of Life Project~(https://www.darwintreeoflife.org/). The assembly process included the following sequence of steps: initial PacBio assembly generation with Hifiasm, and Hi-C based scaffolding with YaHS. The mitochondrial genome was assembled using MitoHiFi. A manually phased assembly (based on HiC signal) was generated from a jointly curated primary and alt assembly. Finally, the primary assembly was analysed and manually improved using TreeVal. Chromosome-scale scaffolds confirmed by the Hi-C data have been named in order of size. Z chromosome identified based on BUSCO gene painting with ancestral Merian elements (https://doi.org/10.1038/s41559-024-02329-4).	2025
XM_068412388	8624	0.38		Nyctibius grandis	Eukaryota; Metazoa; Chordata; Craniata; Vertebrata; Euteleostomi; Archelosauria; Archosauria; Dinosauria; Saurischia; Theropoda; Coelurosauria; Aves; Neognathae; Neoaves; Strisores; Nyctibiiformes; Nyctibiidae; Nyctibius	2024	3	24	5006	5027	22	24	100.00	92.00	YES	Barcode_45_forward_end_BC45_rev_From_Porechop__CACTGAAGGCATCTCTGTTGGATC_description_table	XM_068412388	PREDICTED: Nyctibius grandis GCN1 activator of EIF2AK4 (GCN1), mRNA	Eukaryota; Metazoa; Chordata; Craniata; Vertebrata; Euteleostomi; Archelosauria; Archosauria; Dinosauria; Saurischia; Theropoda; Coelurosauria; Aves; Neognathae; Neoaves; Strisores; Nyctibiiformes; Nyctibiidae; Nyctibius	8624		mRNA	linear		2024
XM_051633888	8657	0.38		Apus apus	Eukaryota; Metazoa; Chordata; Craniata; Vertebrata; Euteleostomi; Archelosauria; Archosauria; Dinosauria; Saurischia; Theropoda; Coelurosauria; Aves; Neognathae; Neoaves; Strisores; Apodiformes; Apodidae; Apodinae; Apus	2023	3	24	5043	5064	22	24	100.00	92.00	YES	Barcode_45_forward_end_BC45_rev_From_Porechop__CACTGAAGGCATCTCTGTTGGATC_description_table	XM_051633888	PREDICTED: Apus apus GCN1 activator of EIF2AK4 (GCN1), transcript variant X2, mRNA	Eukaryota; Metazoa; Chordata; Craniata; Vertebrata; Euteleostomi; Archelosauria; Archosauria; Dinosauria; Saurischia; Theropoda; Coelurosauria; Aves; Neognathae; Neoaves; Strisores; Apodiformes; Apodidae; Apodinae; Apus	8657		mRNA	linear		2023
XM_051633887	8660	0.38		Apus apus	Eukaryota; Metazoa; Chordata; Craniata; Vertebrata; Euteleostomi; Archelosauria; Archosauria; Dinosauria; Saurischia; Theropoda; Coelurosauria; Aves; Neognathae; Neoaves; Strisores; Apodiformes; Apodidae; Apodinae; Apus	2023	3	24	5043	5064	22	24	100.00	92.00	YES	Barcode_45_forward_end_BC45_rev_From_Porechop__CACTGAAGGCATCTCTGTTGGATC_description_table	XM_051633887	PREDICTED: Apus apus GCN1 activator of EIF2AK4 (GCN1), transcript variant X1, mRNA	Eukaryota; Metazoa; Chordata; Craniata; Vertebrata; Euteleostomi; Archelosauria; Archosauria; Dinosauria; Saurischia; Theropoda; Coelurosauria; Aves; Neognathae; Neoaves; Strisores; Apodiformes; Apodidae; Apodinae; Apus	8660		mRNA	linear		2023
OZ321497	95288204	1.5		Diplecogaster bimaculata	Eukaryota; Metazoa; Chordata; Craniata; Vertebrata; Euteleostomi; Actinopterygii; Neopterygii; Teleostei; Neoteleostei; Acanthomorphata; Ovalentaria; Blenniimorphae; Blenniiformes; Gobiesocoidei; Gobiesocidae; Gobiesocinae; Diplecogaster	2025	2	22	57668168	57668148	21	24	100.00	88.00	YES	Barcode_45_forward_end_BC45_rev_From_Porechop__CACTGAAGGCATCTCTGTTGGATC_description_table	OZ321497	Diplecogaster bimaculata genome assembly, chromosome: 9	Eukaryota; Metazoa; Chordata; Craniata; Vertebrata; Euteleostomi; Actinopterygii; Neopterygii; Teleostei; Neoteleostei; Acanthomorphata; Ovalentaria; Blenniimorphae; Blenniiformes; Gobiesocoidei; Gobiesocidae; Gobiesocinae; Diplecogaster	95288204	Oxford Nanopore	DNA	linear	The assembly fDipBim1.hap1.1 is based on 25x PacBio data and Arima2 Hi-C data generated by the Darwin Tree of Life Project~(https://www.darwintreeoflife.org/). The assembly process included the following sequence of steps: initial PacBio assembly generation with Hifiasm in Hi-C integrated assembly mode, and Hi-C based scaffolding with YaHS. The mitochondrial genome was assembled using MitoHiFi. Finally, each haplotype assembly was analysed and manually improved using TreeVal. Chromosome-scale scaffolds confirmed by the Hi-C data have been named in order of size. This genome has been assembled using PacBio and HiC data and phased. The result is two curated haplotypes. A heterozygous chromosomal fission was observed on chromosome 1.Complex heterozygous reciprocal translocations and associated rearrangements were observed between chromosomes 10 and 12.The exact order and orientation of the contigs on HAP1 chromosome 12 (69,200 - 72,900 Kbp) are unknown.The exact order and orientation of the contigs on HAP2 chromosome 12 are unknown.The exact order and orientation of the contigs on HAP1 chromosome 13 (79,700 - 83,700 Kbp) are unknown.	2025
OZ321176	93753986	1.5		Diplecogaster bimaculata	Eukaryota; Metazoa; Chordata; Craniata; Vertebrata; Euteleostomi; Actinopterygii; Neopterygii; Teleostei; Neoteleostei; Acanthomorphata; Ovalentaria; Blenniimorphae; Blenniiformes; Gobiesocoidei; Gobiesocidae; Gobiesocinae; Diplecogaster	2025	2	22	55785436	55785416	21	24	100.00	88.00	YES	Barcode_45_forward_end_BC45_rev_From_Porechop__CACTGAAGGCATCTCTGTTGGATC_description_table	OZ321176	Diplecogaster bimaculata genome assembly, chromosome: 9	Eukaryota; Metazoa; Chordata; Craniata; Vertebrata; Euteleostomi; Actinopterygii; Neopterygii; Teleostei; Neoteleostei; Acanthomorphata; Ovalentaria; Blenniimorphae; Blenniiformes; Gobiesocoidei; Gobiesocidae; Gobiesocinae; Diplecogaster	93753986	Oxford Nanopore	DNA	linear	The assembly fDipBim1.hap2.1 is based on 25x PacBio data and Arima2 Hi-C data generated by the Darwin Tree of Life Project~(https://www.darwintreeoflife.org/). The assembly process included the following sequence of steps: initial PacBio assembly generation with Hifiasm in Hi-C integrated assembly mode, and Hi-C based scaffolding with YaHS. The mitochondrial genome was assembled using MitoHiFi. Finally, each haplotype assembly was analysed and manually improved using TreeVal. Chromosome-scale scaffolds confirmed by the Hi-C data have been named in order of size. This genome has been assembled using PacBio and HiC data and phased. The result is two curated haplotypes. A heterozygous chromosomal fission was observed on chromosome 1.Complex heterozygous reciprocal translocations and associated rearrangements were observed between chromosomes 10 and 12.The exact order and orientation of the contigs on HAP1 chromosome 12 (69,200 - 72,900 Kbp) are unknown.The exact order and orientation of the contigs on HAP2 chromosome 12 are unknown.The exact order and orientation of the contigs on HAP1 chromosome 13 (79,700 - 83,700 Kbp) are unknown.	2025
XM_034068426	8606	1.5		Melopsittacus undulatus	Eukaryota; Metazoa; Chordata; Craniata; Vertebrata; Euteleostomi; Archelosauria; Archosauria; Dinosauria; Saurischia; Theropoda; Coelurosauria; Aves; Neognathae; Neoaves; Telluraves; Australaves; Psittaciformes; Psittaculidae; Melopsittacus	2024	2	22	4983	5003	21	24	100.00	88.00	YES	Barcode_45_forward_end_BC45_rev_From_Porechop__CACTGAAGGCATCTCTGTTGGATC_description_table	XM_034068426	PREDICTED: Melopsittacus undulatus GCN1 activator of EIF2AK4 (GCN1), mRNA	Eukaryota; Metazoa; Chordata; Craniata; Vertebrata; Euteleostomi; Archelosauria; Archosauria; Dinosauria; Saurischia; Theropoda; Coelurosauria; Aves; Neognathae; Neoaves; Telluraves; Australaves; Psittaciformes; Psittaculidae; Melopsittacus	8606		mRNA	linear		2024
OZ319309	28673396	1.5		Diamesa lindrothi	Eukaryota; Metazoa; Ecdysozoa; Arthropoda; Hexapoda; Insecta; Pterygota; Neoptera; Endopterygota; Diptera; Nematocera; Chironomoidea; Chironomidae; Diamesinae; Diamesa	2025	4	24	9284979	9284999	21	24	100.00	88.00	YES	Barcode_45_forward_end_BC45_rev_From_Porechop__CACTGAAGGCATCTCTGTTGGATC_description_table	OZ319309	Diamesa lindrothi genome assembly, chromosome: 3	Eukaryota; Metazoa; Ecdysozoa; Arthropoda; Hexapoda; Insecta; Pterygota; Neoptera; Endopterygota; Diptera; Nematocera; Chironomoidea; Chironomidae; Diamesinae; Diamesa	28673396	Oxford Nanopore	DNA	linear	This project provides the alternate haplotype genome assembly idDiaLind1.1 of Diamesa lindrothi. The sample was provided by Elisabeth Stur & Torbjorn Ekrem, and the data generation and assembly were carried out by EBP-Nor (https://www.ebpnor.org/). idDiaLind1.1 is based on 49x PacBio HiFi data and 114x Arima Hi-C data. The HiFi reads were filtered for adapters using HiFiAdapterFilt, and assembled with hifiasm along with Hi-C data to generate a pair of haplotype-resolved assemblies. K-mers from the two assemblies were used to filter Hi-C reads to create two sets of reads for scaffolding the assemblies (i.e., reads used to scaffold hap1 did not contain k-mers unique to hap2). YaHS was used for scaffolding. FCS-adaptor was used to remove putative adapters, and putative contaminants were removed with FCS-GX. The chromosomes confirmed by Hi-C data are named according to size.	2025
XM_075719247	8601	1.5		Pelecanus crispus	Eukaryota; Metazoa; Chordata; Craniata; Vertebrata; Euteleostomi; Archelosauria; Archosauria; Dinosauria; Saurischia; Theropoda; Coelurosauria; Aves; Neognathae; Neoaves; Aequornithes; Pelecaniformes; Pelecanidae; Pelecanus	2025	2	22	4983	5003	21	24	100.00	88.00	YES	Barcode_45_forward_end_BC45_rev_From_Porechop__CACTGAAGGCATCTCTGTTGGATC_description_table	XM_075719247	PREDICTED: Pelecanus crispus GCN1 activator of EIF2AK4 (GCN1), mRNA	Eukaryota; Metazoa; Chordata; Craniata; Vertebrata; Euteleostomi; Archelosauria; Archosauria; Dinosauria; Saurischia; Theropoda; Coelurosauria; Aves; Neognathae; Neoaves; Aequornithes; Pelecaniformes; Pelecanidae; Pelecanus	8601		mRNA	linear		2025
LR132038	28519589	1.5		Anabas testudineus	Eukaryota; Metazoa; Chordata; Craniata; Vertebrata; Euteleostomi; Actinopterygii; Neopterygii; Teleostei; Neoteleostei; Acanthomorphata; Anabantaria; Anabantiformes; Anabantoidei; Anabantidae; Anabas	2021	2	22	3457424	3457444	21	24	100.00	88.00	YES	Barcode_45_forward_end_BC45_rev_From_Porechop__CACTGAAGGCATCTCTGTTGGATC_description_table	LR132038	Anabas testudineus genome assembly, chromosome: 9	Eukaryota; Metazoa; Chordata; Craniata; Vertebrata; Euteleostomi; Actinopterygii; Neopterygii; Teleostei; Neoteleostei; Acanthomorphata; Anabantaria; Anabantiformes; Anabantoidei; Anabantidae; Anabas	28519589	Oxford Nanopore	DNA	linear	The assembly fAnaTes1.3 is based on 68x PacBio Sequel data, 114x coverage Illumina HiSeqX data from a 10X Genomics Chromium library generated at the Wellcome Sanger Institute as well as BioNano Saphyr DLE data generated at the Rockefeller University Vertebrate Genome Laboratory and 170x coverage HiSeqX data from a Hi-C library prepared by Arima Genomics. An initial PacBio assembly was made using Falcon-unzip. The primary contigs were then scaffolded using the 10X data with scaff10x and mis-joins broken using break10x. After using the PacBio data to gap fill with PBJelly and polish with Arrow, the assembly was polished again using the 10X Illumina data and freebayes. Finally, the assembly was further manually curated using gEVAL to correct mis-joins and improve concordance with the BioNano data and Arima Hi-C data. This was the initial fAnaTes1.1 assembly. An updated fAnaTes1.2 assembly has been further curated to removed duplicate haplotypes using purge_haplotigs and using the Hi-C data to identify further breaks and joins and produce chromosomal-level scaffolds. fAnaTes1.3 includes a mitochondrial assembly produced at The Rockefeller University using mitoVGP. Chromosomes have been named by synteny to medaka.	2021
XM_026343929	8642	1.5		Anabas testudineus	Eukaryota; Metazoa; Chordata; Craniata; Vertebrata; Euteleostomi; Actinopterygii; Neopterygii; Teleostei; Neoteleostei; Acanthomorphata; Anabantaria; Anabantiformes; Anabantoidei; Anabantidae; Anabas	2026	2	22	5004	5024	21	24	100.00	88.00	YES	Barcode_45_forward_end_BC45_rev_From_Porechop__CACTGAAGGCATCTCTGTTGGATC_description_table	XM_026343929	PREDICTED: Anabas testudineus GCN1 activator of EIF2AK4 (gcn1), mRNA	Eukaryota; Metazoa; Chordata; Craniata; Vertebrata; Euteleostomi; Actinopterygii; Neopterygii; Teleostei; Neoteleostei; Acanthomorphata; Anabantaria; Anabantiformes; Anabantoidei; Anabantidae; Anabas	8642		mRNA	linear		2026
OW964183	17339944	1.5		Agrotis puta	Eukaryota; Metazoa; Ecdysozoa; Arthropoda; Hexapoda; Insecta; Pterygota; Neoptera; Endopterygota; Lepidoptera; Glossata; Ditrysia; Noctuoidea; Noctuidae; Noctuinae; Noctuini; Agrotis	2022	2	22	12303310	12303330	21	24	100.00	88.00	YES	Barcode_45_forward_end_BC45_rev_From_Porechop__CACTGAAGGCATCTCTGTTGGATC_description_table	OW964183	Agrotis puta genome assembly, chromosome: 17	Eukaryota; Metazoa; Ecdysozoa; Arthropoda; Hexapoda; Insecta; Pterygota; Neoptera; Endopterygota; Lepidoptera; Glossata; Ditrysia; Noctuoidea; Noctuidae; Noctuinae; Noctuini; Agrotis	17339944		DNA	linear	On Sep 15, 2022 this sequence version replaced OW964183.1.; The assembly ilAgrPuta1.2 is based on 47x PacBio data, 10X Genomics Chromium data, and Arima2 Hi-C data generated by the Darwin Tree of Life Project (https://www.darwintreeoflife.org/). The assembly process included the following sequence of steps: initial PacBio assembly generation with Hifiasm, retained haplotig separation with purge_dups, and Hi-C based scaffolding with YaHS. The mitochondrial genome was assembled using MitoHiFi. Finally, the primary assembly was analysed and manually improved using rapid curation. Chromosome-scale scaffolds confirmed by the Hi-C data have been named in order of size.	2022
OZ375001	77292371	1.5		Meledella werneri	Eukaryota; Metazoa; Spiralia; Lophotrochozoa; Mollusca; Gastropoda; Heterobranchia; Euthyneura; Panpulmonata; Eupulmonata; Stylommatophora; Helicina; Limacoidea; Zonitidae; Meledella	2025	2	22	6081595	6081615	21	24	100.00	88.00	YES	Barcode_45_forward_end_BC45_rev_From_Porechop__CACTGAAGGCATCTCTGTTGGATC_description_table	OZ375001	Meledella werneri genome assembly, chromosome: 17	Eukaryota; Metazoa; Spiralia; Lophotrochozoa; Mollusca; Gastropoda; Heterobranchia; Euthyneura; Panpulmonata; Eupulmonata; Stylommatophora; Helicina; Limacoidea; Zonitidae; Meledella	77292371	Oxford Nanopore	DNA	linear	The assembly xgMelWern1.hap1.1 is based on 31x PacBio data and Arima2 Hi-C data generated as part of the European Reference Genome Atlas (ERGA, https://www.erga-biodiversity.eu/) via the Biodiversity Genomics Europe project (BGE, https://biodiversitygenomics.eu/). The assembly process included the following sequence of steps: initial PacBio assembly generation with Hifiasm in Hi-C integrated assembly mode, and Hi-C based scaffolding with YaHS. The mitochondrial genome was assembled using MitoHiFi. Finally, each haplotype assembly was analysed and manually improved using TreeVal. Chromosome-scale scaffolds confirmed by the Hi-C data have been named in order of size. The exact order and orientation of the contigs on chromosome 16 (48.3-50.3 Mbp) and chromosome 21 (19.2-28.7 Mbp) is unknown.	2025
OZ286343	27398763	5.9		Potamogeton lucens	Eukaryota; Viridiplantae; Streptophyta; Embryophyta; Tracheophyta; Spermatophyta; Magnoliopsida; Liliopsida; Potamogetonaceae; Potamogeton	2025	5	24	6770106	6770087	20	24	100.00	83.00	YES	Barcode_45_forward_end_BC45_rev_From_Porechop__CACTGAAGGCATCTCTGTTGGATC_description_table	OZ286343	Potamogeton lucens genome assembly, chromosome: 8	Eukaryota; Viridiplantae; Streptophyta; Embryophyta; Tracheophyta; Spermatophyta; Magnoliopsida; Liliopsida; Potamogetonaceae; Potamogeton	27398763		DNA	linear	The assembly laPotLuce1.hap1.1 is based on 84x PacBio data and Arima2 Hi-C data generated by the Darwin Tree of Life Project~(https://www.darwintreeoflife.org/). The assembly process included the following sequence of steps: initial PacBio assembly generation with Hifiasm in Hi-C integrated assembly mode, and Hi-C based scaffolding with YaHS. The mitochondrial and chloroplast genomes were assembled using OATK. Finally, each haplotype assembly was analysed and manually improved using TreeVal. Chromosome-scale scaffolds confirmed by the Hi-C data have been named in order of size. This is a allotetraploid species. Two haplotypes are in hap1 fasta file and the other two are in hap2 fasta file.	2025
OZ261410	36838199	5.9		Acrocephalus paludicola	Eukaryota; Metazoa; Chordata; Craniata; Vertebrata; Euteleostomi; Archelosauria; Archosauria; Dinosauria; Saurischia; Theropoda; Coelurosauria; Aves; Neognathae; Neoaves; Telluraves; Australaves; Passeriformes; Sylvioidea; Sylviidae; Acrocephalinae; Acrocephalus	2025	1	20	18256010	18255991	20	24	100.00	83.00	YES	Barcode_45_forward_end_BC45_rev_From_Porechop__CACTGAAGGCATCTCTGTTGGATC_description_table	OZ261410	Acrocephalus paludicola genome assembly, chromosome: 8	Eukaryota; Metazoa; Chordata; Craniata; Vertebrata; Euteleostomi; Archelosauria; Archosauria; Dinosauria; Saurischia; Theropoda; Coelurosauria; Aves; Neognathae; Neoaves; Telluraves; Australaves; Passeriformes; Sylvioidea; Sylviidae; Acrocephalinae; Acrocephalus	36838199	Oxford Nanopore	DNA	linear	The assembly of Acrocephalus paludicola (bAcrPal2.1) is based on 129X ONT data and Dovetail Omni-C Hi-C data generated as part of the ERGA-pilot programme (ERGA, https://www.erga-biodiversity.eu/). The assembly process included the following steps: initial ONT assembly generation with NextDeNovo, polishing of the consensus using Medaka (with long-reads) and Hapo-G (with short-reads), removal of contaminant sequences using Decap, removal of haplotypic duplications using purge_dups, and Hi-C-based scaffolding with 3D-DNA. In total, no contigs were identified as contaminants (bacterial, archaeal, or viral). Additionally, 306 regions totaling 162 Mb were identified as haplotypic duplications and removed. Finally, the primary assembly was analyzed and manually improved using Pretext.	2025
OZ253712	64150731	5.9		Trocdaris verticillata	Eukaryota; Viridiplantae; Streptophyta; Embryophyta; Tracheophyta; Spermatophyta; Magnoliopsida; eudicotyledons; Gunneridae; Pentapetalae; asterids; campanulids; Apiales; Apiaceae; Apioideae; Oenantheae; Trocdaris	2025	4	23	45829800	45829781	20	24	100.00	83.00	YES	Barcode_45_forward_end_BC45_rev_From_Porechop__CACTGAAGGCATCTCTGTTGGATC_description_table	OZ253712	Trocdaris verticillata genome assembly, chromosome: 3	Eukaryota; Viridiplantae; Streptophyta; Embryophyta; Tracheophyta; Spermatophyta; Magnoliopsida; eudicotyledons; Gunneridae; Pentapetalae; asterids; campanulids; Apiales; Apiaceae; Apioideae; Oenantheae; Trocdaris	64150731	Oxford Nanopore	DNA	linear	The assembly drTroVert1.hap1.1 is based on 81x PacBio data and Arima2 Hi-C data generated by the Darwin Tree of Life Project~(https://www.darwintreeoflife.org/). The assembly process included the following sequence of steps: initial PacBio assembly generation with Hifiasm in Hi-C integrated assembly mode, and Hi-C based scaffolding with YaHS. The mitochondrial and chloroplast genomes were assembled using OATK. Finally, each haplotype assembly was analysed and manually improved using TreeVal. Chromosome-scale scaffolds confirmed by the Hi-C data have been named in order of size. The exact order and orientation of the contigs on chromosome 8 (7,400 - 13,153 Kbp) are unknown.The exact order and orientation of the contigs on chromosome 2 (33,736 - 39,000 Kbp) are unknown.The exact order and orientation of the contigs on chromosome 5 (15,350 - 24,300 Kbp) are unknown.The exact order and orientation of the contigs on chromosome 2 (33,736 - 39,000 Kbp) are unknown.The exact order and orientation of the contigs on chromosome 1 (24,600 - 37,250 Kbp) are unknown.The exact order and orientation of the contigs on chromosome 10 (25,800 - 29,000 & 33,133 - 42,250 Kbp) are unknown.	2025
OZ244701	40335312	5.9		Linnaea borealis	Eukaryota; Viridiplantae; Streptophyta; Embryophyta; Tracheophyta; Spermatophyta; Magnoliopsida; eudicotyledons; Gunneridae; Pentapetalae; asterids; campanulids; Dipsacales; Caprifoliaceae; Linnaea	2025	1	24	12732051	12732028	24	24	95.83	100.00	YES	Barcode_45_forward_end_BC45_rev_From_Porechop__CACTGAAGGCATCTCTGTTGGATC_description_table	OZ244701	Linnaea borealis genome assembly, chromosome: 12	Eukaryota; Viridiplantae; Streptophyta; Embryophyta; Tracheophyta; Spermatophyta; Magnoliopsida; eudicotyledons; Gunneridae; Pentapetalae; asterids; campanulids; Dipsacales; Caprifoliaceae; Linnaea	40335312		DNA	linear	The assembly daLinBore1.hap1.2 is based on 60x PacBio data and Arima2 Hi-C data generated by the Darwin Tree of Life Project~(https://www.darwintreeoflife.org/). The assembly process included the following sequence of steps: initial PacBio assembly generation with Hifiasm in Hi-C integrated assembly mode, and Hi-C based scaffolding with YaHS. The mitochondrial and chloroplast genomes were assembled using OATK. Finally, each haplotype assembly was analysed and manually improved using TreeVal. Chromosome-scale scaffolds confirmed by the Hi-C data have been named in order of size. The following regions represent heterogametic inversions: Chromosome 4 ~1.2-4.5 Mbp and Chromosome 6 ~35.8-37.6 Mbp.	2025
OZ244690	74707515	5.9		Linnaea borealis	Eukaryota; Viridiplantae; Streptophyta; Embryophyta; Tracheophyta; Spermatophyta; Magnoliopsida; eudicotyledons; Gunneridae; Pentapetalae; asterids; campanulids; Dipsacales; Caprifoliaceae; Linnaea	2025	1	24	65461422	65461399	24	24	95.83	100.00	YES	Barcode_45_forward_end_BC45_rev_From_Porechop__CACTGAAGGCATCTCTGTTGGATC_description_table	OZ244690	Linnaea borealis genome assembly, chromosome: 1	Eukaryota; Viridiplantae; Streptophyta; Embryophyta; Tracheophyta; Spermatophyta; Magnoliopsida; eudicotyledons; Gunneridae; Pentapetalae; asterids; campanulids; Dipsacales; Caprifoliaceae; Linnaea	74707515		DNA	linear	The assembly daLinBore1.hap1.2 is based on 60x PacBio data and Arima2 Hi-C data generated by the Darwin Tree of Life Project~(https://www.darwintreeoflife.org/). The assembly process included the following sequence of steps: initial PacBio assembly generation with Hifiasm in Hi-C integrated assembly mode, and Hi-C based scaffolding with YaHS. The mitochondrial and chloroplast genomes were assembled using OATK. Finally, each haplotype assembly was analysed and manually improved using TreeVal. Chromosome-scale scaffolds confirmed by the Hi-C data have been named in order of size. The following regions represent heterogametic inversions: Chromosome 4 ~1.2-4.5 Mbp and Chromosome 6 ~35.8-37.6 Mbp.	2025
OZ239694	46135232	5.9		Thalictrum minus	Eukaryota; Viridiplantae; Streptophyta; Embryophyta; Tracheophyta; Spermatophyta; Magnoliopsida; Ranunculales; Ranunculaceae; Thalictroideae; Thalictrum	2025	3	22	3775924	3775905	20	24	100.00	83.00	YES	Barcode_45_forward_end_BC45_rev_From_Porechop__CACTGAAGGCATCTCTGTTGGATC_description_table	OZ239694	Thalictrum minus genome assembly, chromosome: 10	Eukaryota; Viridiplantae; Streptophyta; Embryophyta; Tracheophyta; Spermatophyta; Magnoliopsida; Ranunculales; Ranunculaceae; Thalictroideae; Thalictrum	46135232	Oxford Nanopore	DNA	linear	The assembly dmThaMinu1.hap1.1 is based on 46x PacBio data and Arima2 Hi-C data generated by the Darwin Tree of Life Project~(https://www.darwintreeoflife.org/). The assembly process included the following sequence of steps: initial PacBio assembly generation with Hifiasm in Hi-C integrated assembly mode, and Hi-C based scaffolding with YaHS. The mitochondrial and chloroplast genomes were assembled using OATK. Finally, each haplotype assembly was analysed and manually improved using TreeVal. Chromosome-scale scaffolds confirmed by the Hi-C data have been named in order of size. The order and orientation of contigs in centromere associated regions is uncertain for all chromosomes.	2025
OZ037728	10750592	5.9		Watsonalla cultraria	Eukaryota; Metazoa; Ecdysozoa; Arthropoda; Hexapoda; Insecta; Pterygota; Neoptera; Endopterygota; Lepidoptera; Glossata; Ditrysia; Drepanoidea; Drepanidae; Drepaninae; Watsonalla	2024	3	22	3538876	3538857	20	24	100.00	83.00	YES	Barcode_45_forward_end_BC45_rev_From_Porechop__CACTGAAGGCATCTCTGTTGGATC_description_table	OZ037728	Watsonalla cultraria genome assembly, chromosome: 17	Eukaryota; Metazoa; Ecdysozoa; Arthropoda; Hexapoda; Insecta; Pterygota; Neoptera; Endopterygota; Lepidoptera; Glossata; Ditrysia; Drepanoidea; Drepanidae; Drepaninae; Watsonalla	10750592		DNA	linear	The assembly ilWatCult2.1 is based on 66x PacBio data and Arima2 Hi-C data generated by the Darwin Tree of Life Project~(https://www.darwintreeoflife.org/). The assembly process included the following sequence of steps: initial PacBio assembly generation with Hifiasm, retained haplotig separation with purge_dups, and Hi-C based scaffolding with YaHS. The mitochondrial genome was assembled using MitoHiFi. Finally, the primary assembly was analysed and manually improved using TreeVal. Chromosome-scale scaffolds confirmed by the Hi-C data have been named in order of size.	2024
OU785238	16815746	5.9		Erebia ligea	Eukaryota; Metazoa; Ecdysozoa; Arthropoda; Hexapoda; Insecta; Pterygota; Neoptera; Endopterygota; Lepidoptera; Glossata; Ditrysia; Papilionoidea; Nymphalidae; Satyrinae; Erebiini; Erebia	2022	1	20	7893410	7893391	20	24	100.00	83.00	YES	Barcode_45_forward_end_BC45_rev_From_Porechop__CACTGAAGGCATCTCTGTTGGATC_description_table	OU785238	Erebia ligea genome assembly, chromosome: 19	Eukaryota; Metazoa; Ecdysozoa; Arthropoda; Hexapoda; Insecta; Pterygota; Neoptera; Endopterygota; Lepidoptera; Glossata; Ditrysia; Papilionoidea; Nymphalidae; Satyrinae; Erebiini; Erebia	16815746		DNA	linear	The assembly ilEreLige1.2 is based on 34x PacBio data, 10X Genomics Chromium data, and Arima Hi-C data generated by the Darwin Tree of Life Project (https://www.darwintreeoflife.org/). The assembly process included the following sequence of steps: initial PacBio assembly generation with Hifiasm, retained haplotig separation with purge_dups, short-read polishing using FreeBayes-called variants from 10X Genomics Chromium reads aligned with LongRanger, and Hi-C based scaffolding with SALSA. The mitochondrial genome was assembled using MitoHifi. Finally, the assembly was analysed and manually improved using gEVAL. Chromosome-scale scaffolds confirmed by the Hi-C data have been named in order of size.	2022
OZ414269	67678827	5.9		Pruvotfolia pselliotes	Eukaryota; Metazoa; Spiralia; Lophotrochozoa; Mollusca; Gastropoda; Heterobranchia; Euthyneura; Nudipleura; Nudibranchia; Cladobranchia; Aeolidioidea; Facelinidae; Pruvotfolia	2026	4	23	47521335	47521316	20	24	100.00	83.00	YES	Barcode_45_forward_end_BC45_rev_From_Porechop__CACTGAAGGCATCTCTGTTGGATC_description_table	OZ414269	Pruvotfolia pselliotes genome assembly, chromosome: 7	Eukaryota; Metazoa; Spiralia; Lophotrochozoa; Mollusca; Gastropoda; Heterobranchia; Euthyneura; Nudipleura; Nudibranchia; Cladobranchia; Aeolidioidea; Facelinidae; Pruvotfolia	67678827	Oxford Nanopore	DNA	linear	The assembly of 'Pruvotfolia pselliotes' (xgPruPsel1) is based on 81X ONT data and 137X Arima Hi-C data generated as part of the ATLASea programme (https://www.atlasea.fr). The assembly process included the following steps: initial ONT assembly generation with Hifiasm, removal of contaminant sequences using Context, removal of haplotypic duplications using purge_dups, and Hi-C-based scaffolding with YaHS. In total, 57 contigs were identified as contaminants (bacterial, archaeal, or viral), totaling 6.116 Mb (with the largest being 3.124 Mb). Additionally, 141 regions totaling 83.798 Mb (with the largest being 12.588 Mb) were identified as haplotypic duplications and removed. Mitochondrial genome was assembled using ptGAUL. During manual curation, 12 haplotypic regions were removed, totaling 31.008Mb (with the largest being 12.754Mb). Chromosome-scale scaffolds confirmed by Hi-C data were named in order of size.	2026
OZ412144	19781556	5.9		Anarta trifolii	Eukaryota; Metazoa; Ecdysozoa; Arthropoda; Hexapoda; Insecta; Pterygota; Neoptera; Endopterygota; Lepidoptera; Glossata; Ditrysia; Noctuoidea; Noctuidae; Noctuinae; Hadenini; Anarta	2026	3	22	6076815	6076796	20	24	100.00	83.00	YES	Barcode_45_forward_end_BC45_rev_From_Porechop__CACTGAAGGCATCTCTGTTGGATC_description_table	OZ412144	Anarta trifolii genome assembly, chromosome: 19	Eukaryota; Metazoa; Ecdysozoa; Arthropoda; Hexapoda; Insecta; Pterygota; Neoptera; Endopterygota; Lepidoptera; Glossata; Ditrysia; Noctuoidea; Noctuidae; Noctuinae; Hadenini; Anarta	19781556		DNA	linear	The assembly ilAnaTrif1.hap1.1 is based on 54x PacBio data and Arima2 Hi-C data generated by the Darwin Tree of Life Project~(https://www.darwintreeoflife.org/). The assembly process included the following sequence of steps: initial PacBio assembly generation with Hifiasm in Hi-C integrated assembly mode, and Hi-C based scaffolding with YaHS. The mitochondrial genome was assembled using MitoHiFi. Finally, each haplotype assembly was analysed and manually improved using TreeVal. Chromosome-scale scaffolds confirmed by the Hi-C data have been named in order of size. The Z chromosome was identified based on BUSCO gene painting with ancestral Merian elements~(https://doi.org/10.1038/s41559-024-02329-4). Order and orientation of scaffolds on chromosome 9 from ~9.61-10.21Mb, chromosome ~26 6.92-7.46Mb and chromosome 28 from ~7.99-8.78Mb is unsure.	2026
OZ412144	19781556	5.9		Anarta trifolii	Eukaryota; Metazoa; Ecdysozoa; Arthropoda; Hexapoda; Insecta; Pterygota; Neoptera; Endopterygota; Lepidoptera; Glossata; Ditrysia; Noctuoidea; Noctuidae; Noctuinae; Hadenini; Anarta	2026	3	22	6081361	6081342	20	24	100.00	83.00	YES	Barcode_45_forward_end_BC45_rev_From_Porechop__CACTGAAGGCATCTCTGTTGGATC_description_table	OZ412144	Anarta trifolii genome assembly, chromosome: 19	Eukaryota; Metazoa; Ecdysozoa; Arthropoda; Hexapoda; Insecta; Pterygota; Neoptera; Endopterygota; Lepidoptera; Glossata; Ditrysia; Noctuoidea; Noctuidae; Noctuinae; Hadenini; Anarta	19781556		DNA	linear	The assembly ilAnaTrif1.hap1.1 is based on 54x PacBio data and Arima2 Hi-C data generated by the Darwin Tree of Life Project~(https://www.darwintreeoflife.org/). The assembly process included the following sequence of steps: initial PacBio assembly generation with Hifiasm in Hi-C integrated assembly mode, and Hi-C based scaffolding with YaHS. The mitochondrial genome was assembled using MitoHiFi. Finally, each haplotype assembly was analysed and manually improved using TreeVal. Chromosome-scale scaffolds confirmed by the Hi-C data have been named in order of size. The Z chromosome was identified based on BUSCO gene painting with ancestral Merian elements~(https://doi.org/10.1038/s41559-024-02329-4). Order and orientation of scaffolds on chromosome 9 from ~9.61-10.21Mb, chromosome ~26 6.92-7.46Mb and chromosome 28 from ~7.99-8.78Mb is unsure.	2026
OZ368082	8246342	5.9		Ovula ovum	Eukaryota; Metazoa; Spiralia; Lophotrochozoa; Mollusca; Gastropoda; Caenogastropoda; Littorinimorpha; Cypraeoidea; Ovulidae; Ovula	2025	3	22	7421404	7421423	20	24	100.00	83.00	YES	Barcode_45_forward_end_BC45_rev_From_Porechop__CACTGAAGGCATCTCTGTTGGATC_description_table	OZ368082	Ovula ovum genome assembly, chromosome: 36	Eukaryota; Metazoa; Spiralia; Lophotrochozoa; Mollusca; Gastropoda; Caenogastropoda; Littorinimorpha; Cypraeoidea; Ovulidae; Ovula	8246342	Oxford Nanopore	DNA	linear	Genome assembly of Ovula ovum. This assembly is provided by the ATLASea programme (https://www.atlasea.fr). The assembly of Ovula ovum (xgOvuOvum1) is based on 32X ONT data and 146X Arima Hi-C data generated as part of the ATLASea programme (https://www.atlasea.fr). The assembly process included the following steps: initial ONT assembly generation with Flye, removal of contaminant sequences using Context, removal of haplotypic duplications using purge_dups, and Hi-C-based scaffolding with YaHS. In total, 65 contigs were identified as contaminants (bacterial, archaeal, or viral), totaling 7.082 Mb (with the largest being 4.422 Mb). Additionally, 1367 regions totaling 46.158 Mb (with the largest being 0.27 Mb) were identified as haplotypic duplications and removed. The mitochondrial genome was assembled using ptGAUL. Finally, the primary assembly was analyzed and manually improved using Pretext. Chromosome-scale scaffolds confirmed by Hi-C data were named in order of size.	2025
OZ320076	21219422	5.9		Aythya fuligula	Eukaryota; Metazoa; Chordata; Craniata; Vertebrata; Euteleostomi; Archelosauria; Archosauria; Dinosauria; Saurischia; Theropoda; Coelurosauria; Aves; Neognathae; Galloanserae; Anseriformes; Anatidae; Aythyinae; Aythya	2025	4	23	17356756	17356775	20	24	100.00	83.00	YES	Barcode_45_forward_end_BC45_rev_From_Porechop__CACTGAAGGCATCTCTGTTGGATC_description_table	OZ320076	Aythya fuligula genome assembly, chromosome: 13	Eukaryota; Metazoa; Chordata; Craniata; Vertebrata; Euteleostomi; Archelosauria; Archosauria; Dinosauria; Saurischia; Theropoda; Coelurosauria; Aves; Neognathae; Galloanserae; Anseriformes; Anatidae; Aythyinae; Aythya	21219422		DNA	linear	The assembly bAytFul3.1 is based on 55x PacBio data and Arima2 Hi-C data generated by the Darwin Tree of Life Project~(https://www.darwintreeoflife.org/). The assembly process included the following sequence of steps: initial PacBio assembly generation with Hifiasm, retained haplotig separation with purge_dups, and Hi-C based scaffolding with YaHS. The mitochondrial genome was assembled using MitoHiFi. A manually phased assembly (based on HiC signal) was generated from a jointly curated primary and alt assembly. Finally, the primary assembly was analysed and manually improved using TreeVal. Chromosome-scale scaffolds confirmed by the Hi-C data have been named in order of size. Z and W chromosomes identified based on copy number in the diploid HIC map. PAR region is identified as 0-~2.33Mb on Chromosomes Z and W. Order and orientation of scaffolds on Chromosome W from ~3.15-19.0Mb, Chromosome 33 from 0-0.75Mb, Chromosome 35 from ~0.17-0.46Mb, and Chromosome 36 from ~0.10-0.28Mb is unsure.	2025
OZ244700	42606409	5.9		Linnaea borealis	Eukaryota; Viridiplantae; Streptophyta; Embryophyta; Tracheophyta; Spermatophyta; Magnoliopsida; eudicotyledons; Gunneridae; Pentapetalae; asterids; campanulids; Dipsacales; Caprifoliaceae; Linnaea	2025	1	24	366480	366503	24	24	95.83	100.00	YES	Barcode_45_forward_end_BC45_rev_From_Porechop__CACTGAAGGCATCTCTGTTGGATC_description_table	OZ244700	Linnaea borealis genome assembly, chromosome: 11	Eukaryota; Viridiplantae; Streptophyta; Embryophyta; Tracheophyta; Spermatophyta; Magnoliopsida; eudicotyledons; Gunneridae; Pentapetalae; asterids; campanulids; Dipsacales; Caprifoliaceae; Linnaea	42606409		DNA	linear	The assembly daLinBore1.hap1.2 is based on 60x PacBio data and Arima2 Hi-C data generated by the Darwin Tree of Life Project~(https://www.darwintreeoflife.org/). The assembly process included the following sequence of steps: initial PacBio assembly generation with Hifiasm in Hi-C integrated assembly mode, and Hi-C based scaffolding with YaHS. The mitochondrial and chloroplast genomes were assembled using OATK. Finally, each haplotype assembly was analysed and manually improved using TreeVal. Chromosome-scale scaffolds confirmed by the Hi-C data have been named in order of size. The following regions represent heterogametic inversions: Chromosome 4 ~1.2-4.5 Mbp and Chromosome 6 ~35.8-37.6 Mbp.	2025
OZ201123	11592045	5.9		Colotis evagore	Eukaryota; Metazoa; Ecdysozoa; Arthropoda; Hexapoda; Insecta; Pterygota; Neoptera; Endopterygota; Lepidoptera; Glossata; Ditrysia; Papilionoidea; Pieridae; Pierinae; Teracolini; Colotis	2024	3	22	1489184	1489203	20	24	100.00	83.00	YES	Barcode_45_forward_end_BC45_rev_From_Porechop__CACTGAAGGCATCTCTGTTGGATC_description_table	OZ201123	Colotis evagore genome assembly, chromosome: 5	Eukaryota; Metazoa; Ecdysozoa; Arthropoda; Hexapoda; Insecta; Pterygota; Neoptera; Endopterygota; Lepidoptera; Glossata; Ditrysia; Papilionoidea; Pieridae; Pierinae; Teracolini; Colotis	11592045		DNA	linear	The assembly ilColEvag1.hap1.1 is based on 52x PacBio data and Arima2 Hi-C data generated by Project Psyche (https://www.projectpsyche.org/). The assembly process included the following sequence of steps: initial PacBio assembly generation with Hifiasm in Hi-C integrated assembly mode, and Hi-C based scaffolding with YaHS. The mitochondrial genome was assembled using MitoHiFi. Finally, each haplotype assembly was analysed and manually improved using TreeVal. Chromosome-scale scaffolds confirmed by the Hi-C data have been named in order of size. Chromosome Z was assigned based on synteny to Aporia crataegi ( GCA_912999735.1).	2024
OZ201123	11592045	5.9		Colotis evagore	Eukaryota; Metazoa; Ecdysozoa; Arthropoda; Hexapoda; Insecta; Pterygota; Neoptera; Endopterygota; Lepidoptera; Glossata; Ditrysia; Papilionoidea; Pieridae; Pierinae; Teracolini; Colotis	2024	3	22	1489436	1489455	20	24	100.00	83.00	YES	Barcode_45_forward_end_BC45_rev_From_Porechop__CACTGAAGGCATCTCTGTTGGATC_description_table	OZ201123	Colotis evagore genome assembly, chromosome: 5	Eukaryota; Metazoa; Ecdysozoa; Arthropoda; Hexapoda; Insecta; Pterygota; Neoptera; Endopterygota; Lepidoptera; Glossata; Ditrysia; Papilionoidea; Pieridae; Pierinae; Teracolini; Colotis	11592045		DNA	linear	The assembly ilColEvag1.hap1.1 is based on 52x PacBio data and Arima2 Hi-C data generated by Project Psyche (https://www.projectpsyche.org/). The assembly process included the following sequence of steps: initial PacBio assembly generation with Hifiasm in Hi-C integrated assembly mode, and Hi-C based scaffolding with YaHS. The mitochondrial genome was assembled using MitoHiFi. Finally, each haplotype assembly was analysed and manually improved using TreeVal. Chromosome-scale scaffolds confirmed by the Hi-C data have been named in order of size. Chromosome Z was assigned based on synteny to Aporia crataegi ( GCA_912999735.1).	2024
OZ201123	11592045	5.9		Colotis evagore	Eukaryota; Metazoa; Ecdysozoa; Arthropoda; Hexapoda; Insecta; Pterygota; Neoptera; Endopterygota; Lepidoptera; Glossata; Ditrysia; Papilionoidea; Pieridae; Pierinae; Teracolini; Colotis	2024	3	22	1489868	1489887	20	24	100.00	83.00	YES	Barcode_45_forward_end_BC45_rev_From_Porechop__CACTGAAGGCATCTCTGTTGGATC_description_table	OZ201123	Colotis evagore genome assembly, chromosome: 5	Eukaryota; Metazoa; Ecdysozoa; Arthropoda; Hexapoda; Insecta; Pterygota; Neoptera; Endopterygota; Lepidoptera; Glossata; Ditrysia; Papilionoidea; Pieridae; Pierinae; Teracolini; Colotis	11592045		DNA	linear	The assembly ilColEvag1.hap1.1 is based on 52x PacBio data and Arima2 Hi-C data generated by Project Psyche (https://www.projectpsyche.org/). The assembly process included the following sequence of steps: initial PacBio assembly generation with Hifiasm in Hi-C integrated assembly mode, and Hi-C based scaffolding with YaHS. The mitochondrial genome was assembled using MitoHiFi. Finally, each haplotype assembly was analysed and manually improved using TreeVal. Chromosome-scale scaffolds confirmed by the Hi-C data have been named in order of size. Chromosome Z was assigned based on synteny to Aporia crataegi ( GCA_912999735.1).	2024
OZ201123	11592045	5.9		Colotis evagore	Eukaryota; Metazoa; Ecdysozoa; Arthropoda; Hexapoda; Insecta; Pterygota; Neoptera; Endopterygota; Lepidoptera; Glossata; Ditrysia; Papilionoidea; Pieridae; Pierinae; Teracolini; Colotis	2024	3	22	1490372	1490391	20	24	100.00	83.00	YES	Barcode_45_forward_end_BC45_rev_From_Porechop__CACTGAAGGCATCTCTGTTGGATC_description_table	OZ201123	Colotis evagore genome assembly, chromosome: 5	Eukaryota; Metazoa; Ecdysozoa; Arthropoda; Hexapoda; Insecta; Pterygota; Neoptera; Endopterygota; Lepidoptera; Glossata; Ditrysia; Papilionoidea; Pieridae; Pierinae; Teracolini; Colotis	11592045		DNA	linear	The assembly ilColEvag1.hap1.1 is based on 52x PacBio data and Arima2 Hi-C data generated by Project Psyche (https://www.projectpsyche.org/). The assembly process included the following sequence of steps: initial PacBio assembly generation with Hifiasm in Hi-C integrated assembly mode, and Hi-C based scaffolding with YaHS. The mitochondrial genome was assembled using MitoHiFi. Finally, each haplotype assembly was analysed and manually improved using TreeVal. Chromosome-scale scaffolds confirmed by the Hi-C data have been named in order of size. Chromosome Z was assigned based on synteny to Aporia crataegi ( GCA_912999735.1).	2024
LR131986	37169619	5.9		Gouania willdenowi	Eukaryota; Metazoa; Chordata; Craniata; Vertebrata; Euteleostomi; Actinopterygii; Neopterygii; Teleostei; Neoteleostei; Acanthomorphata; Ovalentaria; Blenniimorphae; Blenniiformes; Gobiesocoidei; Gobiesocidae; Gobiesocinae; Gouania	2020	1	20	34867634	34867653	20	24	100.00	83.00	YES	Barcode_45_forward_end_BC45_rev_From_Porechop__CACTGAAGGCATCTCTGTTGGATC_description_table	LR131986	Gouania willdenowi genome assembly, chromosome: 17	Eukaryota; Metazoa; Chordata; Craniata; Vertebrata; Euteleostomi; Actinopterygii; Neopterygii; Teleostei; Neoteleostei; Acanthomorphata; Ovalentaria; Blenniimorphae; Blenniiformes; Gobiesocoidei; Gobiesocidae; Gobiesocinae; Gouania	37169619	Oxford Nanopore	DNA	linear	The assembly fGouWil2.2 is based on ~58x PacBio Sequel data, ~67x coverage Illumina HiSeqX data from a 10X Genomics Chromium library and two-enzyme BioNano Irys data generated at the Wellcome Sanger Institute as well as ~83x coverage HiSeqX data from a Hi-C library prepared by Arima Genomics. The assembly was made using the Vertebrate Genomes Project v1.5 assembly pipeline on DNAnexus. An initial PacBio assembly was made using Falcon-unzip, and retained haplotigs were identified using purge_haplotigs. The primary contigs were then scaffolded using the 10X data with scaff10x, then scaffolded further with BioNano hybrid scaffolding and scaffolded further still using the Hi-C data with SALSA2. Polishing and gap-filling of both the primary scaffolds and haplotigs was performed using the PacBio reads and Arrow, followed by two rounds of Illumina polishing using the 10X data and freebayes. The mitochondrial assembly was produced at The Rockefeller University using mitoVGP. Finally, the assembly was manually improved using gEVAL to correct mis-joins and improve concordance with the BioNano and Hi-C data. Chromosomes are named by synteny to medaka.	2020
CP158655	78431500	5.9		Cannabis sativa	Eukaryota; Viridiplantae; Streptophyta; Embryophyta; Tracheophyta; Spermatophyta; Magnoliopsida; eudicotyledons; Gunneridae; Pentapetalae; rosids; fabids; Rosales; Cannabaceae; Cannabis	2024	3	22	66640827	66640846	20	24	100.00	83.00	YES	Barcode_45_forward_end_BC45_rev_From_Porechop__CACTGAAGGCATCTCTGTTGGATC_description_table	CP158655	Cannabis sativa cultivar ERBxHO40_23 chromosome 2	Eukaryota; Viridiplantae; Streptophyta; Embryophyta; Tracheophyta; Spermatophyta; Magnoliopsida; eudicotyledons; Gunneridae; Pentapetalae; rosids; fabids; Rosales; Cannabaceae; Cannabis	78431500		DNA	linear	##Genome-Assembly-Data-START## ; Assembly Date :: 06-FEB-2023 ; Assembly Method :: Hifiasm v. 0.16.1 ; Assembly Name :: EH23a ; Diploid :: Haplotype 1 ; Genome Representation :: Full ; Expected Final Version :: Yes ; Genome Coverage :: 25x ; Sequencing Technology :: PacBio Sequel ; ##Genome-Assembly-Data-END##	2024
OV277863	85279272	5.9		Gari tellinella	Eukaryota; Metazoa; Spiralia; Lophotrochozoa; Mollusca; Bivalvia; Autobranchia; Heteroconchia; Euheterodonta; Imparidentia; Neoheterodontei; Cardiida; Tellinoidea; Psammobiidae; Gari	2022	1	20	75585278	75585297	20	24	100.00	83.00	YES	Barcode_45_forward_end_BC45_rev_From_Porechop__CACTGAAGGCATCTCTGTTGGATC_description_table	OV277863	Gari tellinella genome assembly, chromosome: 8	Eukaryota; Metazoa; Spiralia; Lophotrochozoa; Mollusca; Bivalvia; Autobranchia; Heteroconchia; Euheterodonta; Imparidentia; Neoheterodontei; Cardiida; Tellinoidea; Psammobiidae; Gari	85279272		DNA	linear	The assembly xbGarTell2.3 is based on 34x PacBio data, 10X Genomics Chromium data, and Arima2 Hi-C data generated by the Darwin Tree of Life Project (https://www.darwintreeoflife.org/). The assembly process included the following sequence of steps: initial PacBio assembly generation with Hifiasm, retained haplotig separation with purge_dups, short-read polishing using FreeBayes-called variants from 10X Genomics Chromium reads aligned with LongRanger, and Hi-C based scaffolding with YaHS. The mitochondrial genome was assembled using MitoHiFi. Finally, the primary assembly was analysed and manually improved using gEVAL. Chromosome-scale scaffolds confirmed by the Hi-C data have been named in order of size. SUPER_9 consists of a mosaic of haplotypes that is arranged into one of two valid structural possibilities.	2022
OU383781	63085283	5.9		Acrocephalus scirpaceus scirpaceus	Eukaryota; Metazoa; Chordata; Craniata; Vertebrata; Euteleostomi; Archelosauria; Archosauria; Dinosauria; Saurischia; Theropoda; Coelurosauria; Aves; Neognathae; Neoaves; Telluraves; Australaves; Passeriformes; Sylvioidea; Sylviidae; Acrocephalinae; Acrocephalus	2021	1	20	44946944	44946963	20	24	100.00	83.00	YES	Barcode_45_forward_end_BC45_rev_From_Porechop__CACTGAAGGCATCTCTGTTGGATC_description_table	OU383781	Acrocephalus scirpaceus scirpaceus genome assembly, chromosome: 8	Eukaryota; Metazoa; Chordata; Craniata; Vertebrata; Euteleostomi; Archelosauria; Archosauria; Dinosauria; Saurischia; Theropoda; Coelurosauria; Aves; Neognathae; Neoaves; Telluraves; Australaves; Passeriformes; Sylvioidea; Sylviidae; Acrocephalinae; Acrocephalus	63085283		DNA	linear		2021
